Mixture	Fetal Mesenchymal Stem Cells	CD14+ Monocytes	CD8+ Activated T Cells	Naive CD4+ T Cells	Naive CD8+ T Cells	Natural Killer T Cells	B Cells	Fetal GZMK+ Natural Killer	Fetal Memory CD4+ T Cells	Fetal Hofbauer Cells	Fetal Plasmacytoid Dendritic Cells	Fetal GZMB+ Natural Killer	Fetal Endothelial Cells	Fetal Syncytiotrophoblast	Fetal Fibroblasts	Cytotrophoblast	Fetal Nucleated Red Blood Cells	Maternal FCGR3A+ Monocytes	Maternal Plasma Cells	Fetal Extravillous Trophoblasts	P-value	Correlation	RMSE
SCP3412	0.12146619614166057	0.02663099866138810	0.00000000000000000	0.00000000000000000	0.16910847620901118	0.06263710560460571	0.02298669592226474	0.00000000000000000	0.08232235858508803	0.04610792488880588	0.00000000000000000	0.00000000000000000	0.09881049715902064	0.05411872018115183	0.08827182230935976	0.18323351209206012	0.00115632260039515	0.00000000000000000	0.00000000000000000	0.04314936964518827	0.00000000000000000	0.97225985704745288	0.80673057011002547
SCP3492	0.08639866037237014	0.00919657850697223	0.00000000000000000	0.02207163795361037	0.00000000000000000	0.12759142481424510	0.04366307661404207	0.00000000000000000	0.01037576995518452	0.03230899351210165	0.03873449079519063	0.00000000000000000	0.06538680484338665	0.07670302288052162	0.02094443379686159	0.30737781467398573	0.00000000000000000	0.00000000000000000	0.00000000000000000	0.15924729128152756	0.00000000000000000	0.87065168015069960	0.76003504399157584
SCP3929	0.13650437096259846	0.05019818873645000	0.00000000000000000	0.00000000000000000	0.08892573647571682	0.03655603901078703	0.08484949437587561	0.05191427975158715	0.04390033839436309	0.04281827515615146	0.00383322413697752	0.00000000000000000	0.07081716684207580	0.07437313102311742	0.00785614672077862	0.20526642308900778	0.00000000000000000	0.00000000000000000	0.00000000000000000	0.10218718532451330	0.00000000000000000	0.98300829491961017	0.72994053245848689
SCP3954	0.15385328294489597	0.04353384804522441	0.00000000000000000	0.00000000000000000	0.14346665695770686	0.05450109332521646	0.05324063633888145	0.00068758501567074	0.05519525411133015	0.10011838999903462	0.00036285566332118	0.00000000000000000	0.08779077379594472	0.04771230604407788	0.01067524674691835	0.17679740437595146	0.00604665716587704	0.00000000000000000	0.00000000000000000	0.06601800946994865	0.00000000000000000	0.99102480571197138	0.81646778004215015
SCP3962	0.10738269890696057	0.04239585627732023	0.00000000000000000	0.00000000000000000	0.12871460254691527	0.06492844476895356	0.00224155973665522	0.00000000000000000	0.05929123864751500	0.05881771986020844	0.00000000000000000	0.00000000000000000	0.14711643391060569	0.01786176319006428	0.05639431199508902	0.23699392090593047	0.00460556482205094	0.02417193152958210	0.00000000000000000	0.04908395290214922	0.00000000000000000	0.93435023792261185	0.91808921625835416
SCP4010	0.09266999602968123	0.03708496445199210	0.00000000000000000	0.00000000000000000	0.12120832720807523	0.04932999086360777	0.02557741863062311	0.00000000000000000	0.07128247861867519	0.05224616674649338	0.00000000000000000	0.00000000000000000	0.06270486171534573	0.03844250453511316	0.07609280585234897	0.11782471643070376	0.00748468621055182	0.00739534187652198	0.00000000000000000	0.24065574083026636	0.00000000000000000	0.98372375068144924	0.82250601741796747
SCP4059	0.07109894776706377	0.00981716015436630	0.00000000000000000	0.00000000000000000	0.23436787586044866	0.06580769163994082	0.03081741503591255	0.00000000000000000	0.06015629601744290	0.04409749398675358	0.00000000000000000	0.00000000000000000	0.04009429723542182	0.12232786313270408	0.02732039597029248	0.17374265156045854	0.00403157820876680	0.00000000000000000	0.00000000000000000	0.11632033343042762	0.00000000000000000	0.98862299220704053	0.57124079725002419
SCP4157	0.19314999830602314	0.07316272545265839	0.00000000000000000	0.00000000000000000	0.08321043636480648	0.02404275353857413	0.04227055119025107	0.00000000000000000	0.10235016459381543	0.11384290436485776	0.00000000000000000	0.03241442420080615	0.02597447103788925	0.01645560567647838	0.05951483498597210	0.01303673850771105	0.00000000000000000	0.01974270261139608	0.00000000000000000	0.20083168916876051	0.00000000000000000	0.91689779153351925	0.90577696223493165
SCP4196	0.09963825633429350	0.01696689378011632	0.00000000000000000	0.00000000000000000	0.19344717658364435	0.06471045121042794	0.01200705785768429	0.00000000000000000	0.06639837030881313	0.06954562964998175	0.00091542044147748	0.00000000000000000	0.06452001560296132	0.06479951852177658	0.03713750171394677	0.27890628408508911	0.00090659242390471	0.00000000000000000	0.00000000000000000	0.03010083148588273	0.00000000000000000	0.97898512642213043	0.77119061262116406
SCP4319	0.08110282012780040	0.01370669895810370	0.00776862373866086	0.00000000000000000	0.21225227516655482	0.02442500931901073	0.02400949750789194	0.00804556884814365	0.07905102350867825	0.08248798030065434	0.00000000000000000	0.00000000000000000	0.02638306510296125	0.14538807183560754	0.01206107534155151	0.21560578922461909	0.00058014962141886	0.00000000000000000	0.00000000000000000	0.06713235139834293	0.00000000000000000	0.98877944392376849	0.50469335853943353
SCP4578	0.12512966877548298	0.03628777001004636	0.00000000000000000	0.00000000000000000	0.14857010410208130	0.06726771548330984	0.03931214028156582	0.00000000000000000	0.10048750169743091	0.04066662092383166	0.00662844484884885	0.00000000000000000	0.07745390120711494	0.07137200203917493	0.01501715610526909	0.19862419975627510	0.00000000000000000	0.00000000000000000	0.00000000000000000	0.07318277476956817	0.00000000000000000	0.98140298185517372	0.74513710048244886
SCP4809	0.08970281564288747	0.02230887161932091	0.00000000000000000	0.00000000000000000	0.16333239752769124	0.09272558033648315	0.02816431662975979	0.00000000000000000	0.01702362562303601	0.06248025608329241	0.00000000000000000	0.00000000000000000	0.03914319776505380	0.12553082445327524	0.09420537054557827	0.20065907503617175	0.00256969869260145	0.00558804912304364	0.00000000000000000	0.05656592092180510	0.00000000000000000	0.97284462385835790	0.58304619108384992
SCP4913	0.07820572620885412	0.01219742741336656	0.00000000000000000	0.00000000000000000	0.24236706166567137	0.05820667495685738	0.01994255296777343	0.00884090009291653	0.03250065593988379	0.05769838883911827	0.00000000000000000	0.00000000000000000	0.02663765480802267	0.11811517475078147	0.00938220585355288	0.26066549418390056	0.00112935959817411	0.00000000000000000	0.00000000000000000	0.07411072272112669	0.00000000000000000	0.97979533881325964	0.59592837962980783
STP0105	0.09128458880868726	0.00624276375151162	0.00000000000000000	0.00000000000000000	0.16851918149359393	0.05190685744311620	0.03624774637642843	0.00000000000000000	0.07654544435543827	0.03589878368464975	0.00000000000000000	0.00000000000000000	0.04771994718508155	0.14879154819243759	0.02511697409292780	0.23692076574798385	0.00000000000000000	0.00000000000000000	0.00000000000000000	0.07480539886814379	0.00000000000000000	0.97565264344611080	0.50748773950929038
STP0148	0.14354300198322989	0.00576568017722341	0.00000000000000000	0.02309553153913517	0.01388508270188580	0.09968559464206009	0.02507459005313105	0.00000000000000000	0.00000000000000000	0.05477390712711492	0.05361062416025335	0.00000000000000000	0.00617946266696884	0.02360985651783508	0.01047273512032288	0.47380656709283059	0.00025411935753808	0.04381419958842703	0.00000000000000000	0.02242904727204395	0.00000000000000000	0.55397523171884266	0.94685958448597130
STP0378	0.10187360438176815	0.02725213868151290	0.00000964087138316	0.00000000000000000	0.11420044537336758	0.06630167397048448	0.06564631575004937	0.00000000000000000	0.09776167630125682	0.06436268915538677	0.00000000000000000	0.00000000000000000	0.05928924193565610	0.08185799258652722	0.04328615142359794	0.21287417730869679	0.00070862805423886	0.00000000000000000	0.00000000000000000	0.06457562420607389	0.00000000000000000	0.97450886199454934	0.71609088209588623
STP0583	0.06409421106516314	0.02319336292470469	0.00000000000000000	0.00000000000000000	0.06343973770202174	0.05051156905045068	0.07704218182346814	0.01849585761937450	0.08742847378064945	0.03068420961937609	0.01564376055768325	0.00000000000000000	0.05047961315919135	0.02689381923851759	0.00338418757052587	0.20874734818667900	0.00000000000000000	0.00000000000000000	0.00000000000000000	0.27996166770219466	0.00000000000000000	0.89026365294644449	0.87024439616529359
STP0596	0.15244916231048630	0.01944089424096017	0.00220187795586758	0.00000000000000000	0.08547588524113403	0.01636728107948547	0.04673506814334295	0.00288786368702374	0.01938105034393920	0.20163630025480617	0.00000000000000000	0.02569008067532162	0.07130467064488255	0.00000000000000000	0.12355073413678336	0.09282137288438194	0.00718835324819512	0.06823832280310255	0.00000000000000000	0.06463108235028715	0.00000000000000000	0.88855531498852303	0.94753162565988447
STP0795	0.11551056910082608	0.02152712496552550	0.00000000000000000	0.00000000000000000	0.22199184496664950	0.06303689741033416	0.03297192014643806	0.00000000000000000	0.08055257649603646	0.05440129316855272	0.00000000000000000	0.00000000000000000	0.04477284035758560	0.10386097487342114	0.04034440151249547	0.17598373648493817	0.00217877039042766	0.00000000000000000	0.00000000000000000	0.04286705012676958	0.00000000000000000	0.98935754217317584	0.64124683826889683
STP0932	0.07921022312638087	0.02266651557098848	0.00000000000000000	0.00000000000000000	0.03637960138972635	0.14550413717228036	0.07224172852132267	0.00000000000000000	0.08004307649919673	0.03008413903802884	0.01762467514744889	0.00000000000000000	0.05482083826082328	0.09454904515352702	0.02243110458308294	0.25492069243015641	0.00000000000000000	0.00000000000000000	0.00000000000000000	0.08952422310703723	0.00000000000000000	0.96232696107855320	0.68042477380687916
STP0944	0.11010507022102418	0.02165775987725783	0.00000000000000000	0.00000000000000000	0.15954913006713883	0.07228880009936313	0.05099323333386808	0.00000000000000000	0.10181225889560346	0.05712585125550099	0.00448722411299769	0.00000000000000000	0.05989889310937797	0.07341174670255753	0.03540919355869176	0.17165186505745877	0.00038793631196830	0.00000000000000000	0.00000000000000000	0.08122103739719140	0.00000000000000000	0.97044253580226747	0.74165583436415294
STP1002	0.13464755208942636	0.01899846297760254	0.00000000000000000	0.00000000000000000	0.16029376110010410	0.08085702536010575	0.03930396738038666	0.00012489573264113	0.04769361347804604	0.08009315222932652	0.00000000000000000	0.00000000000000000	0.06674856168621018	0.07910176273758855	0.01606284806292162	0.24664847660397990	0.00155617140076834	0.00000000000000000	0.00000000000000000	0.02786974916089228	0.00000000000000000	0.94919016521077904	0.73805692722733085
STP1206	0.09671891098857902	0.01719768028081175	0.00000000000000000	0.00000000000000000	0.10766016402393092	0.09788120131770194	0.05474915351083717	0.00000000000000000	0.00000000000000000	0.08606333597817646	0.01046506699606971	0.01315385649973893	0.08290630235932757	0.18795551603254293	0.00802601833888854	0.19163458070968178	0.00000000000000000	0.00000000000000000	0.00000000000000000	0.04558821296371302	0.00000000000000000	0.98949912815879149	0.37560794501508021
SCP3628	0.06065941980526542	0.01964726749366008	0.00000000000000000	0.00000000000000000	0.22103879855820124	0.05926572554305931	0.04194278021443915	0.00499426568906385	0.11027627670480102	0.04609241099221748	0.00000000000000000	0.00000000000000000	0.04885735747577477	0.12099198037811010	0.00672028342005398	0.22448042389521358	0.00017491965503234	0.00000000000000000	0.00000000000000000	0.03485809017510792	0.00000000000000000	0.99313830874386322	0.58427995065532812
SCP3660	0.15570677339636152	0.03205596828745327	0.00000000000000000	0.00000000000000000	0.14507337262632872	0.05702231990626604	0.04556087459439919	0.00000000000000000	0.06460890599781270	0.03829612435459478	0.00000000000000000	0.00000000000000000	0.11399646896930020	0.03266346582098668	0.02219619228158627	0.13892945956709873	0.00730727856400016	0.01224713118739714	0.00000000000000000	0.13433566444641473	0.00000000000000000	0.95332173061447345	0.86096102787004869
SCP3780	0.08527081899244474	0.02030248926913761	0.00000000000000000	0.00000000000000000	0.22111627743011611	0.06124154785185401	0.01397442561194129	0.00000000000000000	0.10344089485252433	0.03613019865686434	0.01098896076330710	0.00000000000000000	0.04915294574467848	0.12062510297574029	0.01501388366988059	0.21528292443257974	0.00018895802779031	0.00001768170314889	0.00000000000000000	0.04725289001799220	0.00000000000000000	0.99202338186793682	0.58490543897026326
SCP3843	0.10127659421728215	0.01208806367752197	0.00000000000000000	0.00000000000000000	0.14659265422789527	0.05456738537965380	0.00000000000000000	0.02554096672063736	0.00000000000000000	0.06770868477620096	0.00000000000000000	0.00000000000000000	0.03219230515769179	0.14060948638243684	0.03826550944731157	0.34507871970230775	0.00067385720180212	0.00000000000000000	0.00000000000000000	0.03540577310925826	0.00000000000000000	0.97137414776967723	0.53972548783290253
SCP3877	0.06267337808237813	0.02495091056390570	0.00000000000000000	0.00000000000000000	0.15793132455646411	0.11118625452626867	0.01490014383229725	0.00000000000000000	0.11526685887715417	0.04854105925265639	0.00000000000000000	0.00000000000000000	0.10586569683913138	0.05411347990168950	0.01137640698380026	0.25439628895149186	0.00141923405057717	0.00751341311995093	0.00000000000000000	0.02986555046223430	0.00000000000000000	0.97092984984151565	0.80812415201778343
SCP3992	0.13336081316255349	0.03311709734497700	0.00000000000000000	0.00000000000000000	0.19213527564160485	0.04616550509890204	0.01816779120651285	0.01240113294915368	0.08495179312229718	0.03517366580100941	0.00000000000000000	0.00000000000000000	0.05712318424739701	0.06826516075914485	0.01880424925546163	0.16577967190946263	0.00960049129699065	0.00460820545253880	0.00000000000000000	0.12034596275199393	0.00000000000000000	0.98186754194024362	0.74498869669451329
SCP4060	0.00675566937637190	0.02832371407605031	0.00625492822696907	0.00000000000000000	0.03861856294251745	0.07171469241923845	0.01318378383502624	0.00000000000000000	0.04050383565699293	0.11829556686264105	0.01358714649315234	0.00000000000000000	0.02408450256084325	0.02898222996518200	0.00621598559577461	0.09710191894969314	0.00136638505478485	0.44084799136407532	0.04642210230164324	0.01774098431904372	0.00000000000000000	0.94211461009330189	0.86394554346422070
SCP4073	0.16428474855153138	0.01894478035842933	0.00000000000000000	0.00000000000000000	0.13589097743939665	0.10476243223497882	0.02417470745395853	0.00000000000000000	0.07990944148805700	0.05567561499658343	0.00224693465386157	0.00425710894545406	0.08477627705448913	0.04562208337264657	0.00810025428258593	0.16174631084694022	0.00116231608900541	0.00000000000000000	0.00000000000000000	0.10844601223208193	0.00000000000000000	0.96427049284964461	0.82587735373420967
SCP4139	0.13188454933792543	0.03683343430543407	0.00000000000000000	0.00000000000000000	0.05430259099345244	0.04286881825596440	0.02347290252169447	0.00000000000000000	0.06397736586271821	0.06710276395635498	0.00000000000000000	0.04135031655515437	0.07533331217413812	0.01093802124708976	0.02619996224897260	0.06861327665981039	0.00000000000000000	0.00959790469584935	0.00000000000000000	0.34752478118544144	0.00000000000000000	0.89483799120509555	0.90269671666798446
SCP4154	0.05406916860159843	0.04215076579476203	0.00000000000000000	0.00000000000000000	0.11087438142543100	0.08334433733809790	0.03838593162723569	0.00000000000000000	0.07736883146835587	0.02152813131793688	0.03287585289826149	0.00000000000000000	0.03829714413488270	0.07027905773740988	0.00227568503130887	0.31186248041321124	0.00016040244080083	0.00000000000000000	0.00344499126667205	0.11308283850403524	0.00000000000000000	0.95056976448087016	0.75304240017445290
SCP4164	0.17678674106011436	0.03252979138895890	0.00000000000000000	0.00000000000000000	0.12378979659109625	0.09092254795360480	0.04881398774897906	0.00000000000000000	0.11319682941893919	0.04886951586990453	0.00000000000000000	0.00000000000000000	0.08704565053084572	0.05786428116914381	0.01797965094805680	0.09787272735352222	0.00098326235156314	0.01601313729671404	0.00000000000000000	0.08733208031855708	0.00000000000000000	0.98318576252677081	0.78677216533657968
SCP4378	0.13381025399808835	0.02842735096559820	0.00000000000000000	0.00000000000000000	0.11087294026652697	0.06785093341366011	0.01343647493420096	0.00000000000000000	0.06559923108893347	0.05279084046821416	0.00000000000000000	0.00147860485110843	0.13043222831909998	0.02786580654252751	0.06782797583327722	0.27230336346434936	0.00152948318506217	0.00721911807660000	0.00000000000000000	0.01855539459275321	0.00000000000000000	0.96368359559309402	0.89189086309739263
SCP4536	0.11417546554403196	0.04146046189671275	0.00000000000000000	0.00000000000000000	0.10488627494001829	0.04644296865627100	0.01205094044491387	0.00000000000000000	0.12165431787362084	0.03377084841538563	0.00000000000000000	0.00756161226950482	0.04421293287128188	0.01846512703434477	0.01500217423517793	0.10716325428082839	0.00147735531508994	0.01551686474834799	0.00000000000000000	0.31615940147446991	0.00000000000000000	0.93373480727070302	0.88196839617842815
SCP4538	0.11635716885441552	0.01733663010978705	0.00000000000000000	0.00000000000000000	0.15328732878193083	0.07779607248130371	0.03105242310002114	0.00564447239109941	0.00656647133051419	0.05607004674225228	0.00372347371857966	0.00000000000000000	0.06583637047208506	0.08717794228966094	0.01952619599109856	0.23382156847555940	0.00012475752971459	0.00000000000000000	0.00000000000000000	0.12567907773197765	0.00000000000000000	0.97119170889048301	0.69076556011190171
SCP4706	0.09870189346090950	0.01905363377056573	0.00000000000000000	0.00000000000000000	0.13369543661752770	0.08601992898065479	0.02561968117783657	0.00000000000000000	0.06428881496950598	0.05781099183705771	0.00000000000000000	0.00000000000000000	0.06289812610889213	0.07204486329423913	0.02640081430551027	0.30617429309843208	0.00000000000000000	0.00000000000000000	0.00000000000000000	0.04729152237886844	0.00000000000000000	0.96982221310770211	0.74967737569667137
SCP4726	0.07607814782212588	0.01675372532167646	0.00000000000000000	0.00000000000000000	0.19845160044463253	0.06004624536908842	0.03823648136826209	0.00000000000000000	0.06800835223893030	0.02731079539718024	0.00000000000000000	0.00000000000000000	0.05729353547579106	0.07832289520151142	0.01771578273156150	0.27537870406926501	0.00163433118584968	0.00000000000000000	0.00000000000000000	0.08476940337412518	0.00000000000000000	0.98022601945291354	0.72002419266805717
SCP4733	0.12593306035571444	0.04116846155172873	0.00000000000000000	0.00000000000000000	0.09801681450446402	0.07413258318782384	0.06625553938432453	0.05398613480652580	0.00666878393818269	0.02039743693408208	0.01012553777382282	0.00000000000000000	0.06174617850960450	0.10954884906039626	0.01306580298456939	0.27485042022033634	0.00000000000000000	0.00000000000000000	0.00000000000000000	0.04410439678842467	0.00000000000000000	0.94296790444574752	0.65047924581427063
SCP4748	0.16214138102359291	0.03437373684288954	0.00000000000000000	0.00000000000000000	0.14617265847992064	0.04909141638893673	0.05079388183758703	0.00000000000000000	0.06828447672516749	0.05266563192496678	0.00000000000000000	0.00000000000000000	0.11860066146101018	0.04756600282866572	0.03143211075234742	0.15403563914630419	0.00115966640773687	0.00000000000000000	0.00000000000000000	0.08368273618087452	0.00000000000000000	0.97380004950027954	0.82052320609870499
STP0016	0.11036138658276280	0.00977927112708358	0.00000000000000000	0.00000000000000000	0.25592115153032230	0.05219660891681094	0.00000000000000000	0.00316249825911264	0.03249237696549205	0.14361120256463325	0.00000000000000000	0.00000000000000000	0.04998480660450602	0.06924133179703434	0.02254950599272996	0.16293769192621330	0.00385875844774761	0.04975465715292816	0.00000000000000000	0.03414875213262308	0.00000000000000000	0.96510997050549929	0.75914573082030568
STP0023	0.08776664860273829	0.03074403691479246	0.00000000000000000	0.00000000000000000	0.17987532570355674	0.06345262048507568	0.03010631921116843	0.00000000000000000	0.06700125496537027	0.06553703607876725	0.00005093820823378	0.00000000000000000	0.08082092620437452	0.06475509258265345	0.04348567636948811	0.22312743794522749	0.00240592418269311	0.00000000000000000	0.00000000000000000	0.06087076254586038	0.00000000000000000	0.98795886594437410	0.76453441089286034
STP0230	0.14410955100666548	0.02136021399701357	0.00000000000000000	0.00000000000000000	0.09894213074370321	0.06414269656089275	0.00000000000000000	0.00000000000000000	0.06852625605687851	0.11222161141509071	0.00000000000000000	0.00000000000000000	0.12626685375841951	0.00712172126477394	0.11448012663555447	0.17404486651051396	0.01369549929518697	0.03279629736516732	0.00128125779715061	0.02101091759298911	0.00000000000000000	0.87355929156591527	0.93930836531465456
STP0275	0.06899923846401267	0.01388942146225209	0.00000000000000000	0.00000000000000000	0.21863855889867334	0.04092731421925346	0.01836980429171825	0.02961126706907932	0.00000000000000000	0.05056550830133828	0.00000000000000000	0.00000000000000000	0.02251131725636542	0.15387077134219132	0.08219495053225646	0.20658455662792280	0.00269959674971414	0.00000000000000000	0.00000000000000000	0.09113769478522242	0.00000000000000000	0.98524287961245005	0.47866387917688313
STP0282	0.16607617429298327	0.01984685086841448	0.01182209510441642	0.00000000000000000	0.08558595168791583	0.05720075868645132	0.01760337858470726	0.00865355843213363	0.00000000000000000	0.12373463516062690	0.00000000000000000	0.00000000000000000	0.08617575266321074	0.09492065004681736	0.04724898660495080	0.18474181316197202	0.00430406934280414	0.02774089537096570	0.00000000000000000	0.06434442999162997	0.00000000000000000	0.98833540400274589	0.66691270284953996
STP0582	0.17090768308679286	0.01706732577105538	0.00000000000000000	0.00000000000000000	0.12240450181493644	0.08610695999602394	0.02397341608886293	0.00000000000000000	0.02825703297891475	0.08939831646083074	0.00238152638879606	0.00000000000000000	0.07133609618347658	0.08375933214330648	0.01593346021401404	0.21783804298481105	0.00279195275284744	0.00000000000000000	0.00000000000000000	0.06784435313533117	0.00000000000000000	0.96073739304530004	0.71434045441720595
STP0593	0.06875559644611685	0.01768982112288606	0.00000000000000000	0.00000000000000000	0.05182479561664841	0.11711692955570108	0.02843841291150684	0.00708219953301300	0.01219152686435398	0.03660687840853335	0.02811321197717511	0.00000000000000000	0.05940847576979190	0.11820968665092889	0.00936161582779234	0.40867543675805162	0.00000000000000000	0.00000000000000000	0.00000000000000000	0.03652541255750055	0.00000000000000000	0.97739985323937839	0.60395041294328466
STP0636	0.10945943132017495	0.03406387355290352	0.00000000000000000	0.00000000000000000	0.09570088058250931	0.05356089834592367	0.03186051436186433	0.00000000000000000	0.06097841372923772	0.07681908758440173	0.00000000000000000	0.00000000000000000	0.12117251087726753	0.02080870753997512	0.14444130027440624	0.22243338514166108	0.00113334305779793	0.00047476622759949	0.00000000000000000	0.02709288740427740	0.00000000000000000	0.92543912693423835	0.91664626612110311
STP0677	0.12108288755695547	0.00715904713599100	0.00000000000000000	0.00000000000000000	0.09209277305966679	0.05940603413281804	0.02809378541235404	0.01954089539515685	0.00000000000000000	0.07570570500319515	0.02720928585306336	0.00000000000000000	0.07928958255313756	0.18812740521600069	0.00456910424449458	0.20836818710774499	0.00032741208059155	0.00160289097992736	0.00000000000000000	0.08742500426890260	0.00000000000000000	0.98652568095838566	0.37418529731044531
STP0692	0.09765577789280300	0.01149259400660570	0.00236550848844482	0.00000000000000000	0.15136823361671220	0.05037809768873054	0.02829004843929483	0.00000000000000000	0.06398514189763689	0.05390187829740837	0.00037254701954425	0.00000000000000000	0.05613039437633330	0.16288603477821609	0.03845207883012076	0.21385060265784581	0.00046440402377583	0.00000000000000000	0.00000000000000000	0.06840665798652762	0.00000000000000000	0.99430866369352144	0.44393892622146558
STP0761	0.14413067714017014	0.01063046757437158	0.00000000000000000	0.00000000000000000	0.19018843415239040	0.04077987447565908	0.03132396669863288	0.00000000000000000	0.08477376632270002	0.06576859758817222	0.00000000000000000	0.00000000000000000	0.07434209342824068	0.11033548979473486	0.02832450472295445	0.20410727441512541	0.00012132394055895	0.00000000000000000	0.00000000000000000	0.01517352974628920	0.00000000000000000	0.98942371625347758	0.62422272661190359
STP0788	0.09773320893209532	0.02905831365243166	0.00000000000000000	0.00000000000000000	0.13349022505154479	0.04757620721049984	0.05535755188472660	0.00000000000000000	0.10254029002932145	0.06060571685511247	0.00969820935429396	0.00000000000000000	0.04090307892200890	0.10068080328190543	0.01729423726004800	0.16109972305932752	0.00000000000000000	0.00000000000000000	0.00000000000000000	0.14396243450668422	0.00000000000000000	0.98306855543629623	0.64130203694041210
STP0793	0.14710545880495088	0.01980924187855020	0.00000000000000000	0.00000000000000000	0.14352523652776120	0.04775424412402991	0.07184449718718966	0.00000000000000000	0.09218002609095617	0.05001218781232701	0.00000000000000000	0.00000000000000000	0.06652256911992079	0.07554987022465223	0.03508710767290556	0.16543709242777382	0.00005104054367230	0.00000000000000000	0.00000000000000000	0.08512142758531042	0.00000000000000000	0.95012444841576948	0.74201142706720247
STP0852	0.06926484676159346	0.01906260643657253	0.01065307901484225	0.00000000000000000	0.08391879824146405	0.02086649452946863	0.05843353035767898	0.00000000000000000	0.06695199270009178	0.05550075462250480	0.00082007270641521	0.00352330273238878	0.03408731414349291	0.03385714400826516	0.00781006650886528	0.10275650412660250	0.00075163951558030	0.00000000000000000	0.00000000000000000	0.43174185359417344	0.00000000000000000	0.97444878589267203	0.81001817228873285
STP0867	0.13624789387506572	0.02119964270136480	0.00000000000000000	0.00000000000000000	0.15354776629656097	0.06446781541846697	0.05298334097731244	0.00000000000000000	0.09276042802971091	0.05642961128281637	0.00000000000000000	0.00000000000000000	0.06382405061711514	0.08760399028672644	0.03613324323221414	0.19524290772879402	0.00115738892417605	0.00000000000000000	0.00000000000000000	0.03840192062967594	0.00000000000000000	0.98564709728521593	0.69660262232740455
STP0888	0.11967267799941510	0.01948251999919081	0.00000000000000000	0.00000000000000000	0.14460043308891296	0.07926242876721384	0.04829388300023372	0.00000000000000000	0.05254516284340903	0.07039052178355783	0.01551386234450748	0.00000000000000000	0.05174604990697186	0.12848514171510528	0.01813914705617451	0.19820214573715975	0.00087447389971420	0.00000000000000000	0.00000000000000000	0.05279155185843363	0.00000000000000000	0.97292407308997175	0.57430807531661787
STP0903	0.12190157569385376	0.02150294338624530	0.00000000000000000	0.00000000000000000	0.15308396268239707	0.07266115400337592	0.04819905985062087	0.00000000000000000	0.06362213773492295	0.07058035872978541	0.00000000000000000	0.00000000000000000	0.04963500541070003	0.10794844987707630	0.01711038807886924	0.17459940754764827	0.00099149804662277	0.00000000000000000	0.00000000000000000	0.09816405895788205	0.00000000000000000	0.99024835760289553	0.61990749424678993
STP0912	0.18118688167054495	0.01837630713210167	0.00000000000000000	0.00000000000000000	0.08167435138233034	0.07759639767409923	0.06029021135587005	0.00000000000000000	0.00000000000000000	0.07549264673064160	0.00000000000000000	0.00679938720960593	0.08337101457327371	0.05116236802802428	0.04333796133680170	0.22645332818104885	0.00036211093129174	0.01220643036663866	0.00000000000000000	0.08169060342772735	0.00000000000000000	0.96310013131834027	0.81193050354895047
STP1082	0.08870183085702828	0.02458395075640604	0.00000000000000000	0.00000000000000000	0.12249470077314505	0.07025055934760910	0.04685898638551403	0.00000000000000000	0.07099359668087395	0.04241724111274218	0.01217286577327788	0.00000000000000000	0.05197636431594589	0.12696543603531976	0.00436128535856471	0.26451651085699673	0.00000000000000000	0.00000000000000000	0.00000000000000000	0.07370667174657648	0.00000000000000000	0.98662087749955474	0.56516997990312290
STP1087	0.10506752355496250	0.01877033543869318	0.06511794285416522	0.00000000000000000	0.07914857552890826	0.01930895211283615	0.04463504708780219	0.01343317968223420	0.00000000000000000	0.03040714342294172	0.00086748262681769	0.00000000000000000	0.05175825603972342	0.18576270723652713	0.00767996832579131	0.26756382484324986	0.00045562554669564	0.00000000000000000	0.00000000000000000	0.11002343569865161	0.00000000000000000	0.99146648305672946	0.36943990342773703
