## htsjdk.samtools.metrics.StringHeader
# MarkDuplicates --INPUT /home/smit1924/preeclampsia_sex_chromosome_informed/clearBoxRawData/bamFiles/SCP_3954_T_S22_GRCh38_Aligned.sortedByCoord.out.bam --OUTPUT /home/smit1924/preeclampsia_sex_chromosome_informed/clearBoxRawData/bamFiles/deduplicated_data/SCP3954_marked_duplicates.bam --METRICS_FILE /home/smit1924/preeclampsia_sex_chromosome_informed/clearBoxRawData/bamFiles/deduplicated_data/SCP3954_mark_dup_metrics.txt --REMOVE_DUPLICATES true --MAX_SEQUENCES_FOR_DISK_READ_ENDS_MAP 50000 --MAX_FILE_HANDLES_FOR_READ_ENDS_MAP 8000 --SORTING_COLLECTION_SIZE_RATIO 0.25 --TAG_DUPLICATE_SET_MEMBERS false --REMOVE_SEQUENCING_DUPLICATES false --TAGGING_POLICY DontTag --CLEAR_DT true --DUPLEX_UMI false --FLOW_MODE false --FLOW_QUALITY_SUM_STRATEGY false --USE_END_IN_UNPAIRED_READS false --USE_UNPAIRED_CLIPPED_END false --UNPAIRED_END_UNCERTAINTY 0 --FLOW_SKIP_FIRST_N_FLOWS 0 --FLOW_Q_IS_KNOWN_END false --FLOW_EFFECTIVE_QUALITY_THRESHOLD 15 --ADD_PG_TAG_TO_READS true --ASSUME_SORTED false --DUPLICATE_SCORING_STRATEGY SUM_OF_BASE_QUALITIES --PROGRAM_RECORD_ID MarkDuplicates --PROGRAM_GROUP_NAME MarkDuplicates --READ_NAME_REGEX <optimized capture of last three ':' separated fields as numeric values> --OPTICAL_DUPLICATE_PIXEL_DISTANCE 100 --MAX_OPTICAL_DUPLICATE_SET_SIZE 300000 --VERBOSITY INFO --QUIET false --VALIDATION_STRINGENCY STRICT --COMPRESSION_LEVEL 5 --MAX_RECORDS_IN_RAM 500000 --CREATE_INDEX false --CREATE_MD5_FILE false --help false --version false --showHidden false --USE_JDK_DEFLATER false --USE_JDK_INFLATER false
## htsjdk.samtools.metrics.StringHeader
# Started on: Tue Apr 16 14:01:27 ACST 2024

## METRICS CLASS	picard.sam.DuplicationMetrics
LIBRARY	UNPAIRED_READS_EXAMINED	READ_PAIRS_EXAMINED	SECONDARY_OR_SUPPLEMENTARY_RDS	UNMAPPED_READS	UNPAIRED_READ_DUPLICATES	READ_PAIR_DUPLICATES	READ_PAIR_OPTICAL_DUPLICATES	PERCENT_DUPLICATION	ESTIMATED_LIBRARY_SIZE
library	0	45079963	33792000	0	0	20526268	3653	0.45533	32932630

## HISTOGRAM	java.lang.Double
BIN	CoverageMult	all_sets	optical_sets	non_optical_sets
1.0	1.000038	21900709	0	21900975
2.0	1.254446	1807344	1490	1807122
3.0	1.319167	314921	211	314893
4.0	1.335632	124172	90	124160
5.0	1.33982	69999	35	69999
6.0	1.340886	46011	24	46008
7.0	1.341157	33144	17	33145
8.0	1.341226	25305	8	25305
9.0	1.341243	20015	10	20013
10.0	1.341248	16213	7	16217
11.0	1.341249	13618	5	13619
12.0	1.341249	11415	5	11413
13.0	1.341249	9900	4	9897
14.0	1.341249	8681	1	8681
15.0	1.341249	7803	2	7805
16.0	1.341249	6990	3	6989
17.0	1.341249	6047	1	6047
18.0	1.341249	5517	1	5517
19.0	1.341249	5046	2	5045
20.0	1.341249	4797	3	4799
21.0	1.341249	4231	1	4232
22.0	1.341249	3816	0	3813
23.0	1.341249	3620	4	3621
24.0	1.341249	3293	1	3294
25.0	1.341249	3132	0	3132
26.0	1.341249	2937	0	2936
27.0	1.341249	2793	2	2794
28.0	1.341249	2541	0	2539
29.0	1.341249	2514	0	2515
30.0	1.341249	2263	1	2264
31.0	1.341249	2075	0	2073
32.0	1.341249	2016	1	2017
33.0	1.341249	1908	0	1908
34.0	1.341249	1897	0	1896
35.0	1.341249	1727	0	1729
36.0	1.341249	1692	0	1690
37.0	1.341249	1607	0	1608
38.0	1.341249	1544	0	1543
39.0	1.341249	1469	0	1470
40.0	1.341249	1410	0	1411
41.0	1.341249	1313	1	1311
42.0	1.341249	1297	0	1297
43.0	1.341249	1249	0	1249
44.0	1.341249	1166	1	1167
45.0	1.341249	1129	0	1130
46.0	1.341249	1090	0	1088
47.0	1.341249	1068	0	1068
48.0	1.341249	1020	0	1020
49.0	1.341249	1005	0	1006
50.0	1.341249	889	0	890
51.0	1.341249	932	0	930
52.0	1.341249	875	0	876
53.0	1.341249	865	0	864
54.0	1.341249	796	0	797
55.0	1.341249	802	1	801
56.0	1.341249	748	0	750
57.0	1.341249	807	0	805
58.0	1.341249	743	0	745
59.0	1.341249	731	0	729
60.0	1.341249	672	0	674
61.0	1.341249	688	0	687
62.0	1.341249	660	1	659
63.0	1.341249	643	0	643
64.0	1.341249	631	0	631
65.0	1.341249	608	0	608
66.0	1.341249	598	0	598
67.0	1.341249	592	0	592
68.0	1.341249	556	0	556
69.0	1.341249	527	0	528
70.0	1.341249	537	0	536
71.0	1.341249	516	0	516
72.0	1.341249	492	0	492
73.0	1.341249	493	0	493
74.0	1.341249	509	0	510
75.0	1.341249	481	0	480
76.0	1.341249	480	0	481
77.0	1.341249	437	0	436
78.0	1.341249	470	0	470
79.0	1.341249	441	0	441
80.0	1.341249	438	0	441
81.0	1.341249	439	0	437
82.0	1.341249	400	0	401
83.0	1.341249	390	0	391
84.0	1.341249	419	0	416
85.0	1.341249	350	0	351
86.0	1.341249	351	0	351
87.0	1.341249	384	0	384
88.0	1.341249	354	0	353
89.0	1.341249	308	0	308
90.0	1.341249	337	0	339
91.0	1.341249	367	0	365
92.0	1.341249	334	0	334
93.0	1.341249	320	0	320
94.0	1.341249	323	0	324
95.0	1.341249	308	0	307
96.0	1.341249	303	0	304
97.0	1.341249	285	0	287
98.0	1.341249	292	0	289
99.0	1.341249	298	0	298
100.0	1.341249	265	0	266
101.0	0	300	0	300
102.0	0	280	0	279
103.0	0	241	0	241
104.0	0	271	0	271
105.0	0	285	1	286
106.0	0	268	0	267
107.0	0	250	0	251
108.0	0	249	0	248
109.0	0	223	0	225
110.0	0	251	0	250
111.0	0	228	0	228
112.0	0	225	0	228
113.0	0	249	0	247
114.0	0	235	0	234
115.0	0	204	0	204
116.0	0	194	0	193
117.0	0	255	0	255
118.0	0	210	0	210
119.0	0	213	0	213
120.0	0	207	0	207
121.0	0	225	0	226
122.0	0	185	0	185
123.0	0	204	0	204
124.0	0	208	0	209
125.0	0	223	0	221
126.0	0	189	0	191
127.0	0	196	0	195
128.0	0	212	0	214
129.0	0	190	0	188
130.0	0	158	0	159
131.0	0	201	0	201
132.0	0	156	0	155
133.0	0	152	0	152
134.0	0	153	0	153
135.0	0	166	0	165
136.0	0	192	0	192
137.0	0	150	0	150
138.0	0	149	0	149
139.0	0	166	0	168
140.0	0	155	0	153
141.0	0	161	0	161
142.0	0	154	0	154
143.0	0	144	0	144
144.0	0	136	0	136
145.0	0	134	0	135
146.0	0	144	0	143
147.0	0	137	0	139
148.0	0	137	0	137
149.0	0	146	0	146
150.0	0	147	0	146
151.0	0	147	0	147
152.0	0	135	0	135
153.0	0	146	0	146
154.0	0	121	0	120
155.0	0	132	0	133
156.0	0	136	0	136
157.0	0	140	0	139
158.0	0	137	0	137
159.0	0	121	0	122
160.0	0	124	0	124
161.0	0	101	0	101
162.0	0	118	0	118
163.0	0	139	0	138
164.0	0	115	0	117
165.0	0	128	0	127
166.0	0	121	0	120
167.0	0	97	0	97
168.0	0	123	0	124
169.0	0	102	0	102
170.0	0	103	0	102
171.0	0	98	0	100
172.0	0	103	0	101
173.0	0	89	0	89
174.0	0	103	0	105
175.0	0	106	0	104
176.0	0	98	0	100
177.0	0	101	0	99
178.0	0	98	0	99
179.0	0	101	0	102
180.0	0	100	0	98
181.0	0	104	0	106
182.0	0	101	0	99
183.0	0	77	0	78
184.0	0	93	0	94
185.0	0	77	0	76
186.0	0	101	0	101
187.0	0	95	0	94
188.0	0	99	0	100
189.0	0	102	0	102
190.0	0	83	0	83
191.0	0	85	0	84
192.0	0	71	0	73
193.0	0	98	0	96
194.0	0	78	0	78
195.0	0	101	0	101
196.0	0	69	0	69
197.0	0	80	0	80
198.0	0	85	0	86
199.0	0	87	0	86
200.0	0	64	0	64
201.0	0	82	0	82
202.0	0	74	0	75
203.0	0	81	0	80
204.0	0	76	0	76
205.0	0	68	0	69
206.0	0	76	0	77
207.0	0	63	0	61
208.0	0	65	0	65
209.0	0	75	0	76
210.0	0	77	0	76
211.0	0	78	0	78
212.0	0	85	0	85
213.0	0	63	0	65
214.0	0	80	0	78
215.0	0	63	0	64
216.0	0	61	0	61
217.0	0	71	0	72
218.0	0	65	0	64
219.0	0	66	0	65
220.0	0	66	0	66
221.0	0	79	0	79
222.0	0	56	0	56
223.0	0	60	0	62
224.0	0	65	0	65
225.0	0	67	0	66
226.0	0	60	0	60
227.0	0	59	0	58
228.0	0	75	0	76
229.0	0	86	0	86
230.0	0	59	0	59
231.0	0	57	0	57
232.0	0	50	0	51
233.0	0	76	0	74
234.0	0	54	0	55
235.0	0	65	0	65
236.0	0	62	0	63
237.0	0	72	0	70
238.0	0	61	0	61
239.0	0	59	0	60
240.0	0	71	0	70
241.0	0	64	0	64
242.0	0	44	0	44
243.0	0	64	0	64
244.0	0	56	0	56
245.0	0	59	0	60
246.0	0	53	0	54
247.0	0	50	0	49
248.0	0	68	0	68
249.0	0	52	0	54
250.0	0	56	0	53
251.0	0	51	0	52
252.0	0	59	0	58
253.0	0	51	0	51
254.0	0	48	0	49
255.0	0	65	0	64
256.0	0	52	0	53
257.0	0	51	0	52
258.0	0	40	0	39
259.0	0	51	0	50
260.0	0	49	0	49
261.0	0	35	0	35
262.0	0	47	0	47
263.0	0	41	0	42
264.0	0	40	0	41
265.0	0	47	0	46
266.0	0	42	0	41
267.0	0	40	0	41
268.0	0	39	0	39
269.0	0	40	0	40
270.0	0	60	0	59
271.0	0	51	0	52
272.0	0	50	0	50
273.0	0	34	0	33
274.0	0	31	0	31
275.0	0	48	0	48
276.0	0	55	0	56
277.0	0	41	0	40
278.0	0	38	0	38
279.0	0	45	0	47
280.0	0	39	0	40
281.0	0	44	0	43
282.0	0	39	0	38
283.0	0	33	0	33
284.0	0	30	0	30
285.0	0	41	0	40
286.0	0	33	0	33
287.0	0	47	0	47
288.0	0	45	0	46
289.0	0	40	0	40
290.0	0	53	0	52
291.0	0	39	0	39
292.0	0	37	0	37
293.0	0	47	0	49
294.0	0	50	0	50
295.0	0	37	0	35
296.0	0	31	0	32
297.0	0	34	0	33
298.0	0	38	0	39
299.0	0	38	0	37
300.0	0	42	0	43
301.0	0	37	0	36
302.0	0	32	0	33
303.0	0	39	0	40
304.0	0	42	0	41
305.0	0	35	0	35
306.0	0	36	0	36
307.0	0	31	0	31
308.0	0	29	0	28
309.0	0	32	0	32
310.0	0	39	0	40
311.0	0	38	0	37
312.0	0	44	0	44
313.0	0	41	0	43
314.0	0	35	0	33
315.0	0	35	0	35
316.0	0	37	0	37
317.0	0	31	0	33
318.0	0	40	0	39
319.0	0	30	0	30
320.0	0	49	0	49
321.0	0	35	0	34
322.0	0	37	0	38
323.0	0	33	0	34
324.0	0	24	0	24
325.0	0	38	0	36
326.0	0	32	0	32
327.0	0	27	0	27
328.0	0	25	0	26
329.0	0	33	0	32
330.0	0	28	0	28
331.0	0	30	0	31
332.0	0	26	0	26
333.0	0	37	0	37
334.0	0	29	0	28
335.0	0	31	0	31
336.0	0	35	0	36
337.0	0	28	0	27
338.0	0	27	0	27
339.0	0	26	0	26
340.0	0	34	0	34
341.0	0	22	0	22
342.0	0	27	0	28
343.0	0	22	0	23
344.0	0	28	0	27
345.0	0	33	0	32
346.0	0	33	0	33
347.0	0	20	0	21
348.0	0	35	0	35
349.0	0	30	0	31
350.0	0	34	0	33
351.0	0	29	0	30
352.0	0	20	0	18
353.0	0	23	0	23
354.0	0	23	0	23
355.0	0	28	0	28
356.0	0	38	0	38
357.0	0	25	0	26
358.0	0	37	0	37
359.0	0	32	0	31
360.0	0	38	0	38
361.0	0	18	0	18
362.0	0	25	0	25
363.0	0	29	0	31
364.0	0	26	0	24
365.0	0	35	0	36
366.0	0	28	0	27
367.0	0	26	0	27
368.0	0	24	0	24
369.0	0	38	0	37
370.0	0	25	0	26
371.0	0	20	0	20
372.0	0	17	0	16
373.0	0	24	0	26
374.0	0	18	0	18
375.0	0	43	0	42
376.0	0	31	0	32
377.0	0	37	0	35
378.0	0	21	0	21
379.0	0	32	0	32
380.0	0	28	0	30
381.0	0	21	0	20
382.0	0	28	0	27
383.0	0	17	0	18
384.0	0	30	0	30
385.0	0	24	0	24
386.0	0	21	0	21
387.0	0	28	0	27
388.0	0	12	0	12
389.0	0	23	0	23
390.0	0	23	0	25
391.0	0	25	0	23
392.0	0	20	0	21
393.0	0	23	0	23
394.0	0	19	0	19
395.0	0	25	0	24
396.0	0	24	0	25
397.0	0	30	0	30
398.0	0	21	0	21
399.0	0	21	0	20
400.0	0	24	0	24
401.0	0	13	0	14
402.0	0	21	0	20
403.0	0	20	0	22
404.0	0	28	0	27
405.0	0	21	0	20
406.0	0	24	0	24
407.0	0	26	0	26
408.0	0	15	0	16
409.0	0	16	0	15
410.0	0	27	0	30
411.0	0	22	0	19
412.0	0	21	0	22
413.0	0	28	0	27
414.0	0	18	0	18
415.0	0	24	0	24
416.0	0	15	0	17
417.0	0	10	0	8
418.0	0	18	0	21
419.0	0	24	0	22
420.0	0	24	0	24
421.0	0	19	0	18
422.0	0	17	0	19
423.0	0	15	0	14
424.0	0	22	0	21
425.0	0	15	0	15
426.0	0	14	0	14
427.0	0	23	0	23
428.0	0	16	0	18
429.0	0	21	0	20
430.0	0	19	0	19
431.0	0	24	0	23
432.0	0	17	0	18
433.0	0	23	0	23
434.0	0	16	0	16
435.0	0	17	0	16
436.0	0	22	0	23
437.0	0	19	0	18
438.0	0	11	0	11
439.0	0	22	0	24
440.0	0	27	0	26
441.0	0	24	0	23
442.0	0	19	0	19
443.0	0	12	0	12
444.0	0	17	0	18
445.0	0	11	0	10
446.0	0	24	0	24
447.0	0	17	0	18
448.0	0	7	0	6
449.0	0	18	0	19
450.0	0	20	0	20
451.0	0	20	0	21
452.0	0	14	0	13
453.0	0	16	0	16
454.0	0	17	0	17
455.0	0	11	0	10
456.0	0	13	0	13
457.0	0	19	0	19
458.0	0	17	0	17
459.0	0	24	0	28
460.0	0	21	0	17
461.0	0	16	0	18
462.0	0	15	0	13
463.0	0	16	0	16
464.0	0	16	0	17
465.0	0	17	0	16
466.0	0	18	0	19
467.0	0	15	0	14
468.0	0	10	0	10
469.0	0	18	0	18
470.0	0	18	0	19
471.0	0	13	0	12
472.0	0	12	0	12
473.0	0	19	0	20
474.0	0	18	0	20
475.0	0	17	0	14
476.0	0	14	0	14
477.0	0	14	0	14
478.0	0	14	0	14
479.0	0	13	0	16
480.0	0	17	0	14
481.0	0	14	0	14
482.0	0	13	0	13
483.0	0	4	0	5
484.0	0	13	0	12
485.0	0	23	0	24
486.0	0	12	0	11
487.0	0	11	0	11
488.0	0	16	0	19
489.0	0	15	0	12
490.0	0	15	0	16
491.0	0	11	0	11
492.0	0	9	0	8
493.0	0	11	0	11
494.0	0	14	0	15
495.0	0	20	0	19
496.0	0	9	0	10
497.0	0	18	0	17
498.0	0	8	0	9
499.0	0	14	0	14
500.0	0	15	0	14
501.0	0	14	0	14
502.0	0	12	0	13
503.0	0	11	0	10
504.0	0	16	0	16
505.0	0	14	0	15
506.0	0	12	0	11
507.0	0	16	0	16
508.0	0	17	0	18
509.0	0	16	0	16
510.0	0	17	0	18
511.0	0	14	0	13
512.0	0	11	0	12
513.0	0	11	0	11
514.0	0	25	0	24
515.0	0	15	0	14
516.0	0	12	0	12
517.0	0	5	0	6
518.0	0	17	0	16
519.0	0	15	0	16
520.0	0	8	0	7
521.0	0	9	0	10
522.0	0	14	0	13
523.0	0	8	0	9
524.0	0	12	0	13
525.0	0	9	0	7
526.0	0	10	0	11
527.0	0	10	0	10
528.0	0	13	0	13
529.0	0	18	0	17
530.0	0	18	0	19
531.0	0	13	0	13
532.0	0	15	0	14
533.0	0	15	0	16
534.0	0	12	0	12
535.0	0	17	0	17
536.0	0	10	0	11
537.0	0	13	0	11
538.0	0	17	0	17
539.0	0	11	0	11
540.0	0	10	0	10
541.0	0	18	0	18
542.0	0	14	0	15
543.0	0	15	0	14
544.0	0	7	0	8
545.0	0	12	0	11
546.0	0	12	0	12
547.0	0	17	0	21
548.0	0	21	0	17
549.0	0	12	0	13
550.0	0	13	0	14
551.0	0	11	0	10
552.0	0	7	0	7
553.0	0	11	0	11
554.0	0	8	0	7
555.0	0	7	0	7
556.0	0	13	0	13
557.0	0	8	0	8
558.0	0	11	0	11
559.0	0	8	0	9
560.0	0	13	0	12
561.0	0	9	0	9
562.0	0	12	0	13
563.0	0	9	0	9
564.0	0	7	0	7
565.0	0	9	0	8
566.0	0	9	0	9
567.0	0	12	0	13
568.0	0	10	0	11
569.0	0	11	0	9
570.0	0	14	0	15
571.0	0	9	0	9
572.0	0	14	0	14
573.0	0	7	0	8
574.0	0	13	0	13
575.0	0	11	0	9
576.0	0	20	0	20
577.0	0	8	0	10
578.0	0	6	0	5
579.0	0	15	0	15
580.0	0	12	0	12
581.0	0	13	0	13
582.0	0	9	0	8
583.0	0	14	0	15
584.0	0	16	0	15
585.0	0	17	0	17
586.0	0	9	0	10
587.0	0	14	0	14
588.0	0	14	0	13
589.0	0	8	0	9
590.0	0	7	0	7
591.0	0	4	0	3
592.0	0	6	0	6
593.0	0	10	0	11
594.0	0	6	0	5
595.0	0	11	0	11
596.0	0	6	0	7
597.0	0	14	0	14
598.0	0	14	0	15
599.0	0	8	0	8
600.0	0	9	0	9
601.0	0	7	0	5
602.0	0	9	0	9
603.0	0	13	0	14
604.0	0	12	0	12
605.0	0	11	0	11
606.0	0	7	0	6
607.0	0	8	0	8
608.0	0	4	0	4
609.0	0	7	0	8
610.0	0	10	0	9
611.0	0	8	0	8
612.0	0	1	0	2
613.0	0	9	0	9
614.0	0	9	0	9
615.0	0	15	0	16
616.0	0	15	0	13
617.0	0	11	0	12
618.0	0	2	0	4
619.0	0	9	0	8
620.0	0	15	0	13
621.0	0	10	0	10
622.0	0	11	0	11
623.0	0	2	0	3
624.0	0	13	0	12
625.0	0	4	0	5
626.0	0	11	0	12
627.0	0	4	0	3
628.0	0	11	0	12
629.0	0	10	0	9
630.0	0	9	0	8
631.0	0	11	0	11
632.0	0	4	0	5
633.0	0	7	0	6
634.0	0	6	0	7
635.0	0	14	0	13
636.0	0	13	0	14
637.0	0	12	0	11
638.0	0	6	0	6
639.0	0	5	0	6
640.0	0	9	0	8
641.0	0	8	0	9
642.0	0	9	0	8
643.0	0	8	0	10
644.0	0	7	0	6
645.0	0	6	0	5
646.0	0	10	0	10
647.0	0	5	0	6
648.0	0	7	0	6
649.0	0	9	0	10
650.0	0	4	0	3
651.0	0	13	0	13
652.0	0	9	0	9
653.0	0	7	0	7
654.0	0	14	0	15
655.0	0	7	0	6
656.0	0	6	0	6
657.0	0	9	0	9
658.0	0	11	0	13
659.0	0	14	0	12
660.0	0	3	0	4
661.0	0	7	0	6
662.0	0	6	0	6
663.0	0	8	0	9
664.0	0	7	0	6
665.0	0	4	0	4
666.0	0	5	0	6
667.0	0	9	0	8
668.0	0	6	0	6
669.0	0	9	0	9
670.0	0	8	0	8
671.0	0	5	0	6
672.0	0	10	0	9
673.0	0	4	0	6
674.0	0	4	0	3
675.0	0	6	0	6
676.0	0	3	0	2
677.0	0	4	0	4
678.0	0	8	0	8
679.0	0	6	0	7
680.0	0	9	0	8
681.0	0	9	0	12
682.0	0	10	0	7
683.0	0	6	0	6
684.0	0	10	0	11
685.0	0	6	0	5
686.0	0	3	0	4
687.0	0	9	0	8
688.0	0	7	0	7
689.0	0	5	0	6
690.0	0	8	0	8
691.0	0	8	0	9
692.0	0	6	0	6
693.0	0	9	0	7
694.0	0	7	0	7
695.0	0	7	0	7
696.0	0	6	0	6
697.0	0	7	0	10
698.0	0	8	0	6
699.0	0	10	0	9
700.0	0	7	0	10
701.0	0	8	0	7
702.0	0	7	0	6
703.0	0	12	0	13
704.0	0	10	0	8
705.0	0	4	0	4
706.0	0	6	0	6
707.0	0	7	0	9
708.0	0	9	0	8
709.0	0	7	0	6
710.0	0	6	0	6
711.0	0	8	0	8
712.0	0	8	0	8
713.0	0	7	0	7
714.0	0	7	0	7
715.0	0	7	0	8
716.0	0	6	0	5
717.0	0	3	0	4
718.0	0	7	0	7
719.0	0	8	0	8
720.0	0	7	0	6
721.0	0	7	0	7
722.0	0	5	0	6
723.0	0	11	0	11
724.0	0	7	0	7
725.0	0	7	0	6
726.0	0	4	0	4
727.0	0	7	0	7
728.0	0	4	0	4
729.0	0	2	0	3
730.0	0	8	0	7
731.0	0	1	0	1
732.0	0	12	0	14
733.0	0	10	0	10
734.0	0	10	0	9
735.0	0	5	0	4
736.0	0	6	0	6
737.0	0	7	0	8
738.0	0	6	0	6
739.0	0	7	0	7
740.0	0	3	0	3
741.0	0	4	0	4
742.0	0	5	0	6
743.0	0	8	0	8
744.0	0	7	0	7
745.0	0	9	0	8
746.0	0	5	0	5
747.0	0	6	0	6
748.0	0	4	0	4
749.0	0	12	0	11
750.0	0	3	0	4
751.0	0	4	0	3
752.0	0	8	0	9
753.0	0	5	0	4
754.0	0	3	0	5
755.0	0	9	0	8
756.0	0	5	0	5
757.0	0	5	0	7
758.0	0	8	0	6
759.0	0	6	0	6
760.0	0	10	0	9
761.0	0	3	0	4
762.0	0	6	0	7
763.0	0	5	0	4
764.0	0	5	0	4
765.0	0	8	0	9
766.0	0	10	0	12
767.0	0	6	0	3
768.0	0	6	0	6
769.0	0	7	0	8
770.0	0	6	0	7
771.0	0	5	0	3
772.0	0	7	0	7
773.0	0	7	0	8
774.0	0	8	0	7
775.0	0	4	0	5
776.0	0	6	0	6
777.0	0	9	0	9
778.0	0	3	0	3
779.0	0	10	0	9
780.0	0	4	0	4
781.0	0	5	0	5
782.0	0	2	0	2
783.0	0	8	0	8
784.0	0	1	0	3
785.0	0	5	0	3
786.0	0	2	0	4
787.0	0	6	0	4
788.0	0	3	0	3
789.0	0	4	0	7
790.0	0	5	0	4
791.0	0	8	0	9
792.0	0	5	0	4
793.0	0	6	0	4
794.0	0	2	0	2
795.0	0	2	0	6
796.0	0	8	0	4
797.0	0	4	0	4
798.0	0	5	0	8
799.0	0	9	0	7
800.0	0	5	0	5
801.0	0	8	0	7
802.0	0	4	0	5
803.0	0	5	0	4
804.0	0	3	0	4
805.0	0	5	0	5
806.0	0	4	0	3
807.0	0	5	0	7
808.0	0	5	0	5
809.0	0	7	0	5
810.0	0	4	0	5
811.0	0	6	0	5
812.0	0	7	0	8
813.0	0	6	0	5
814.0	0	2	0	2
815.0	0	7	0	7
816.0	0	3	0	3
817.0	0	5	0	7
818.0	0	9	0	8
819.0	0	4	0	3
820.0	0	3	0	3
821.0	0	5	0	6
822.0	0	7	0	6
823.0	0	5	0	5
824.0	0	2	0	2
825.0	0	3	0	4
826.0	0	4	0	3
827.0	0	6	0	6
828.0	0	3	0	3
829.0	0	2	0	2
830.0	0	5	0	6
831.0	0	3	0	2
832.0	0	3	0	3
833.0	0	2	0	3
834.0	0	6	0	6
835.0	0	5	0	4
836.0	0	4	0	4
837.0	0	9	0	10
838.0	0	5	0	4
839.0	0	2	0	3
840.0	0	4	0	3
841.0	0	7	0	8
842.0	0	5	0	4
843.0	0	5	0	5
844.0	0	5	0	5
845.0	0	4	0	5
846.0	0	4	0	3
847.0	0	4	0	6
848.0	0	8	0	6
849.0	0	4	0	5
850.0	0	3	0	4
851.0	0	5	0	5
852.0	0	7	0	7
853.0	0	6	0	4
854.0	0	7	0	8
855.0	0	3	0	2
856.0	0	7	0	8
857.0	0	10	0	10
858.0	0	8	0	8
859.0	0	3	0	3
860.0	0	5	0	6
861.0	0	5	0	3
862.0	0	3	0	4
863.0	0	3	0	2
864.0	0	6	0	7
865.0	0	6	0	6
866.0	0	4	0	4
867.0	0	4	0	4
868.0	0	6	0	6
869.0	0	9	0	9
870.0	0	4	0	5
871.0	0	2	0	1
872.0	0	2	0	2
873.0	0	6	0	5
874.0	0	4	0	4
875.0	0	4	0	5
876.0	0	3	0	3
877.0	0	4	0	3
878.0	0	3	0	3
879.0	0	3	0	3
880.0	0	7	0	8
881.0	0	8	0	7
882.0	0	2	0	2
883.0	0	4	0	5
884.0	0	7	0	8
885.0	0	7	0	6
886.0	0	5	0	4
887.0	0	3	0	4
888.0	0	9	0	8
889.0	0	3	0	5
890.0	0	5	0	3
891.0	0	3	0	6
892.0	0	5	0	3
893.0	0	3	0	2
894.0	0	3	0	3
895.0	0	2	0	3
896.0	0	2	0	1
897.0	0	6	0	8
898.0	0	5	0	4
899.0	0	0	0	1
900.0	0	3	0	4
901.0	0	6	0	4
902.0	0	5	0	4
903.0	0	5	0	5
904.0	0	5	0	5
905.0	0	2	0	2
906.0	0	5	0	5
907.0	0	5	0	5
908.0	0	4	0	5
909.0	0	3	0	4
910.0	0	4	0	4
911.0	0	6	0	4
912.0	0	4	0	5
913.0	0	4	0	4
914.0	0	4	0	4
915.0	0	2	0	1
916.0	0	4	0	4
917.0	0	2	0	2
918.0	0	6	0	6
919.0	0	5	0	6
920.0	0	5	0	6
921.0	0	8	0	6
922.0	0	1	0	2
923.0	0	6	0	5
924.0	0	3	0	4
925.0	0	5	0	4
926.0	0	7	0	7
927.0	0	2	0	2
928.0	0	2	0	2
929.0	0	1	0	1
930.0	0	2	0	3
931.0	0	3	0	2
932.0	0	3	0	3
933.0	0	1	0	1
934.0	0	4	0	4
935.0	0	4	0	4
936.0	0	1	0	3
937.0	0	4	0	3
938.0	0	5	0	5
939.0	0	5	0	4
940.0	0	4	0	5
941.0	0	2	0	1
942.0	0	1	0	1
943.0	0	1	0	2
944.0	0	5	0	5
945.0	0	2	0	1
946.0	0	5	0	6
947.0	0	4	0	4
948.0	0	6	0	6
949.0	0	3	0	3
950.0	0	5	0	4
951.0	0	3	0	4
952.0	0	1	0	0
953.0	0	3	0	3
954.0	0	3	0	4
955.0	0	6	0	5
956.0	0	5	0	5
957.0	0	3	0	3
958.0	0	1	0	2
959.0	0	9	0	8
960.0	0	2	0	5
961.0	0	8	0	5
962.0	0	3	0	4
963.0	0	3	0	3
964.0	0	7	0	7
965.0	0	4	0	4
966.0	0	3	0	2
967.0	0	3	0	4
968.0	0	5	0	4
969.0	0	4	0	5
970.0	0	2	0	1
971.0	0	2	0	2
972.0	0	2	0	2
973.0	0	0	0	1
974.0	0	4	0	3
975.0	0	1	0	2
976.0	0	6	0	6
977.0	0	4	0	4
978.0	0	3	0	4
979.0	0	6	0	4
980.0	0	2	0	2
981.0	0	3	0	3
982.0	0	3	0	4
983.0	0	6	0	7
984.0	0	5	0	3
985.0	0	2	0	2
986.0	0	2	0	3
987.0	0	4	0	3
988.0	0	5	0	7
989.0	0	6	0	5
990.0	0	4	0	3
991.0	0	3	0	4
992.0	0	3	0	4
993.0	0	4	0	4
994.0	0	3	0	1
995.0	0	3	0	4
996.0	0	5	0	6
997.0	0	6	0	4
998.0	0	3	0	5
999.0	0	2	0	2
1000.0	0	7	0	6
1001.0	0	3	0	2
1002.0	0	3	0	3
1003.0	0	3	0	4
1004.0	0	5	0	5
1005.0	0	3	0	3
1006.0	0	4	0	3
1007.0	0	3	0	3
1008.0	0	2	0	2
1010.0	0	3	0	3
1011.0	0	3	0	4
1012.0	0	3	0	4
1013.0	0	4	0	2
1014.0	0	4	0	4
1015.0	0	3	0	4
1016.0	0	6	0	5
1017.0	0	4	0	4
1018.0	0	2	0	2
1019.0	0	3	0	3
1020.0	0	3	0	3
1021.0	0	1	0	2
1022.0	0	3	0	3
1023.0	0	5	0	4
1024.0	0	6	0	8
1025.0	0	4	0	2
1026.0	0	4	0	5
1027.0	0	6	0	5
1028.0	0	1	0	1
1029.0	0	1	0	1
1030.0	0	1	0	2
1031.0	0	1	0	2
1032.0	0	3	0	1
1033.0	0	3	0	3
1034.0	0	4	0	5
1035.0	0	2	0	2
1036.0	0	2	0	2
1037.0	0	2	0	1
1038.0	0	2	0	3
1039.0	0	2	0	4
1040.0	0	3	0	1
1041.0	0	3	0	2
1042.0	0	3	0	3
1043.0	0	2	0	2
1044.0	0	1	0	2
1045.0	0	6	0	5
1046.0	0	3	0	4
1047.0	0	3	0	2
1048.0	0	3	0	3
1049.0	0	4	0	4
1050.0	0	5	0	5
1051.0	0	3	0	3
1052.0	0	2	0	3
1053.0	0	2	0	2
1054.0	0	2	0	2
1055.0	0	3	0	2
1056.0	0	2	0	2
1057.0	0	3	0	3
1058.0	0	3	0	3
1059.0	0	5	0	5
1060.0	0	3	0	3
1061.0	0	2	0	3
1062.0	0	3	0	2
1064.0	0	2	0	5
1065.0	0	7	0	5
1066.0	0	2	0	2
1067.0	0	2	0	1
1068.0	0	1	0	1
1069.0	0	1	0	1
1070.0	0	1	0	2
1071.0	0	4	0	6
1072.0	0	3	0	2
1073.0	0	5	0	4
1074.0	0	2	0	3
1075.0	0	6	0	6
1076.0	0	2	0	0
1077.0	0	1	0	3
1078.0	0	3	0	2
1079.0	0	5	0	4
1080.0	0	4	0	4
1081.0	0	3	0	4
1082.0	0	4	0	4
1083.0	0	2	0	2
1084.0	0	3	0	2
1085.0	0	3	0	4
1086.0	0	3	0	2
1087.0	0	6	0	6
1088.0	0	1	0	4
1089.0	0	4	0	1
1091.0	0	1	0	1
1092.0	0	4	0	5
1093.0	0	5	0	4
1094.0	0	1	0	1
1095.0	0	2	0	2
1096.0	0	2	0	2
1097.0	0	2	0	3
1098.0	0	3	0	3
1099.0	0	3	0	2
1100.0	0	1	0	1
1101.0	0	4	0	5
1102.0	0	1	0	1
1103.0	0	2	0	1
1104.0	0	2	0	2
1106.0	0	5	0	6
1107.0	0	3	0	3
1108.0	0	1	0	1
1109.0	0	2	0	1
1110.0	0	5	0	5
1111.0	0	4	0	4
1112.0	0	2	0	2
1113.0	0	1	0	1
1114.0	0	2	0	2
1115.0	0	3	0	4
1116.0	0	1	0	1
1117.0	0	2	0	1
1118.0	0	2	0	2
1119.0	0	1	0	1
1120.0	0	1	0	1
1121.0	0	1	0	2
1122.0	0	5	0	4
1123.0	0	4	0	4
1124.0	0	2	0	3
1125.0	0	4	0	3
1126.0	0	1	0	1
1127.0	0	2	0	3
1128.0	0	4	0	4
1129.0	0	1	0	1
1130.0	0	1	0	0
1131.0	0	0	0	1
1132.0	0	2	0	1
1133.0	0	1	0	1
1134.0	0	2	0	2
1135.0	0	0	0	1
1136.0	0	3	0	2
1137.0	0	1	0	2
1138.0	0	1	0	1
1139.0	0	3	0	3
1140.0	0	3	0	2
1141.0	0	1	0	1
1143.0	0	1	0	1
1144.0	0	4	0	4
1145.0	0	2	0	2
1146.0	0	1	0	3
1147.0	0	3	0	1
1148.0	0	1	0	1
1149.0	0	1	0	1
1150.0	0	3	0	3
1151.0	0	2	0	2
1152.0	0	4	0	5
1153.0	0	4	0	3
1154.0	0	1	0	3
1155.0	0	4	0	4
1156.0	0	2	0	0
1157.0	0	2	0	4
1158.0	0	2	0	1
1159.0	0	2	0	1
1160.0	0	3	0	3
1161.0	0	2	0	2
1162.0	0	4	0	4
1163.0	0	3	0	5
1164.0	0	2	0	1
1165.0	0	4	0	3
1166.0	0	2	0	3
1167.0	0	2	0	3
1168.0	0	3	0	1
1169.0	0	2	0	2
1170.0	0	1	0	1
1173.0	0	3	0	4
1174.0	0	5	0	4
1175.0	0	3	0	3
1176.0	0	4	0	4
1177.0	0	3	0	3
1178.0	0	1	0	1
1179.0	0	3	0	4
1180.0	0	2	0	1
1182.0	0	1	0	1
1183.0	0	3	0	4
1184.0	0	4	0	3
1185.0	0	0	0	1
1187.0	0	1	0	0
1188.0	0	3	0	3
1189.0	0	1	0	1
1190.0	0	2	0	2
1191.0	0	2	0	3
1192.0	0	2	0	1
1193.0	0	3	0	3
1194.0	0	1	0	1
1195.0	0	1	0	1
1196.0	0	3	0	4
1197.0	0	1	0	1
1198.0	0	7	0	6
1199.0	0	1	0	3
1200.0	0	5	0	3
1201.0	0	2	0	3
1202.0	0	5	0	4
1203.0	0	2	0	3
1204.0	0	2	0	3
1205.0	0	5	0	3
1206.0	0	3	0	3
1208.0	0	3	0	5
1209.0	0	4	0	4
1210.0	0	3	0	3
1211.0	0	3	0	1
1212.0	0	1	0	3
1213.0	0	1	0	2
1214.0	0	3	0	0
1215.0	0	2	0	2
1216.0	0	1	0	2
1217.0	0	2	0	5
1218.0	0	5	0	1
1219.0	0	1	0	1
1220.0	0	2	0	3
1221.0	0	1	0	1
1222.0	0	1	0	0
1223.0	0	1	0	1
1224.0	0	3	0	3
1226.0	0	2	0	5
1227.0	0	3	0	1
1228.0	0	2	0	1
1229.0	0	1	0	2
1230.0	0	4	0	3
1231.0	0	0	0	1
1232.0	0	4	0	3
1234.0	0	1	0	1
1235.0	0	3	0	4
1237.0	0	1	0	1
1238.0	0	4	0	3
1239.0	0	2	0	2
1240.0	0	2	0	2
1241.0	0	0	0	1
1242.0	0	4	0	4
1243.0	0	1	0	0
1244.0	0	1	0	1
1245.0	0	3	0	3
1246.0	0	1	0	2
1247.0	0	2	0	1
1248.0	0	3	0	3
1249.0	0	1	0	2
1250.0	0	3	0	2
1251.0	0	1	0	2
1252.0	0	2	0	2
1253.0	0	2	0	2
1254.0	0	3	0	2
1256.0	0	1	0	3
1257.0	0	2	0	2
1258.0	0	4	0	2
1259.0	0	1	0	1
1260.0	0	1	0	1
1263.0	0	2	0	2
1264.0	0	3	0	4
1265.0	0	3	0	2
1266.0	0	1	0	2
1267.0	0	0	0	1
1268.0	0	2	0	0
1269.0	0	2	0	2
1270.0	0	2	0	2
1271.0	0	2	0	5
1272.0	0	2	0	2
1273.0	0	2	0	0
1274.0	0	1	0	0
1276.0	0	1	0	1
1279.0	0	2	0	2
1281.0	0	2	0	3
1282.0	0	4	0	3
1283.0	0	2	0	3
1284.0	0	1	0	0
1285.0	0	2	0	2
1286.0	0	2	0	3
1287.0	0	3	0	3
1288.0	0	1	0	0
1289.0	0	1	0	1
1290.0	0	3	0	3
1291.0	0	1	0	2
1292.0	0	2	0	1
1293.0	0	2	0	4
1294.0	0	2	0	0
1296.0	0	3	0	3
1297.0	0	1	0	1
1299.0	0	1	0	1
1301.0	0	2	0	3
1302.0	0	5	0	4
1303.0	0	1	0	2
1304.0	0	3	0	2
1305.0	0	1	0	1
1307.0	0	2	0	5
1308.0	0	4	0	1
1309.0	0	1	0	2
1310.0	0	2	0	3
1311.0	0	6	0	5
1312.0	0	1	0	0
1313.0	0	1	0	2
1314.0	0	3	0	3
1315.0	0	2	0	1
1316.0	0	3	0	3
1317.0	0	2	0	3
1318.0	0	1	0	1
1319.0	0	1	0	0
1321.0	0	2	0	3
1322.0	0	2	0	1
1323.0	0	1	0	1
1325.0	0	0	0	2
1326.0	0	2	0	1
1327.0	0	1	0	1
1328.0	0	1	0	0
1329.0	0	1	0	1
1330.0	0	2	0	2
1331.0	0	2	0	2
1332.0	0	2	0	3
1333.0	0	4	0	4
1334.0	0	2	0	1
1337.0	0	0	0	1
1338.0	0	2	0	3
1339.0	0	2	0	1
1340.0	0	1	0	0
1341.0	0	1	0	1
1342.0	0	1	0	2
1343.0	0	1	0	0
1345.0	0	1	0	4
1346.0	0	4	0	1
1349.0	0	2	0	2
1350.0	0	1	0	1
1351.0	0	1	0	1
1352.0	0	2	0	2
1354.0	0	1	0	2
1355.0	0	2	0	2
1356.0	0	1	0	1
1357.0	0	2	0	1
1358.0	0	0	0	1
1359.0	0	3	0	2
1360.0	0	0	0	1
1361.0	0	1	0	0
1363.0	0	0	0	1
1364.0	0	1	0	1
1366.0	0	2	0	2
1367.0	0	2	0	1
1368.0	0	2	0	3
1369.0	0	1	0	2
1370.0	0	2	0	3
1371.0	0	4	0	3
1372.0	0	2	0	0
1373.0	0	2	0	2
1374.0	0	0	0	2
1375.0	0	2	0	1
1376.0	0	2	0	1
1378.0	0	1	0	1
1379.0	0	1	0	2
1380.0	0	3	0	2
1381.0	0	2	0	2
1382.0	0	2	0	3
1383.0	0	1	0	1
1384.0	0	2	0	1
1386.0	0	3	0	5
1387.0	0	2	0	0
1388.0	0	0	0	2
1389.0	0	2	0	3
1390.0	0	3	0	1
1391.0	0	2	0	2
1392.0	0	0	0	2
1393.0	0	2	0	0
1394.0	0	2	0	2
1395.0	0	1	0	0
1397.0	0	1	0	2
1398.0	0	2	0	1
1399.0	0	2	0	2
1400.0	0	1	0	1
1402.0	0	1	0	2
1403.0	0	2	0	1
1404.0	0	1	0	1
1405.0	0	1	0	1
1406.0	0	1	0	1
1407.0	0	2	0	3
1408.0	0	1	0	1
1409.0	0	5	0	4
1410.0	0	3	0	3
1411.0	0	1	0	1
1412.0	0	1	0	4
1413.0	0	3	0	1
1414.0	0	3	0	3
1415.0	0	2	0	1
1416.0	0	1	0	1
1417.0	0	0	0	1
1418.0	0	1	0	1
1419.0	0	2	0	1
1421.0	0	2	0	2
1423.0	0	1	0	1
1424.0	0	0	0	1
1425.0	0	2	0	2
1426.0	0	2	0	1
1427.0	0	2	0	2
1428.0	0	0	0	3
1429.0	0	4	0	1
1430.0	0	1	0	1
1432.0	0	1	0	1
1433.0	0	0	0	1
1434.0	0	1	0	1
1435.0	0	2	0	1
1436.0	0	2	0	2
1438.0	0	2	0	2
1439.0	0	3	0	3
1440.0	0	1	0	1
1441.0	0	0	0	1
1442.0	0	2	0	1
1443.0	0	2	0	2
1447.0	0	1	0	1
1449.0	0	2	0	2
1450.0	0	0	0	1
1451.0	0	3	0	2
1454.0	0	0	0	2
1455.0	0	4	0	2
1457.0	0	1	0	1
1458.0	0	1	0	1
1459.0	0	1	0	2
1460.0	0	2	0	1
1461.0	0	2	0	2
1462.0	0	1	0	1
1463.0	0	1	0	1
1464.0	0	1	0	1
1465.0	0	1	0	1
1468.0	0	3	0	4
1469.0	0	4	0	3
1471.0	0	1	0	2
1472.0	0	1	0	0
1474.0	0	3	0	3
1476.0	0	2	0	2
1477.0	0	0	0	1
1478.0	0	2	0	1
1479.0	0	1	0	2
1480.0	0	1	0	0
1481.0	0	2	0	2
1482.0	0	1	0	1
1484.0	0	1	0	2
1485.0	0	2	0	2
1486.0	0	2	0	2
1487.0	0	1	0	0
1488.0	0	1	0	1
1490.0	0	2	0	3
1491.0	0	1	0	0
1492.0	0	1	0	1
1493.0	0	2	0	2
1494.0	0	1	0	1
1495.0	0	2	0	2
1496.0	0	2	0	2
1498.0	0	1	0	1
1501.0	0	3	0	4
1502.0	0	3	0	2
1505.0	0	1	0	2
1506.0	0	2	0	1
1507.0	0	2	0	3
1508.0	0	1	0	0
1509.0	0	1	0	2
1510.0	0	1	0	2
1511.0	0	2	0	1
1512.0	0	2	0	1
1513.0	0	3	0	3
1514.0	0	3	0	5
1515.0	0	3	0	1
1516.0	0	2	0	3
1517.0	0	1	0	1
1518.0	0	2	0	2
1519.0	0	1	0	0
1520.0	0	2	0	4
1521.0	0	2	0	0
1522.0	0	1	0	1
1524.0	0	1	0	2
1525.0	0	2	0	1
1526.0	0	1	0	1
1527.0	0	0	0	1
1528.0	0	1	0	2
1529.0	0	2	0	0
1530.0	0	2	0	2
1531.0	0	2	0	2
1533.0	0	1	0	1
1534.0	0	0	0	1
1535.0	0	1	0	2
1536.0	0	2	0	0
1537.0	0	1	0	1
1539.0	0	2	0	3
1540.0	0	1	0	0
1541.0	0	0	0	2
1542.0	0	3	0	2
1543.0	0	2	0	1
1544.0	0	1	0	2
1545.0	0	1	0	2
1546.0	0	2	0	0
1547.0	0	1	0	1
1549.0	0	1	0	1
1550.0	0	0	0	1
1551.0	0	1	0	0
1554.0	0	0	0	1
1555.0	0	2	0	1
1556.0	0	2	0	3
1557.0	0	4	0	3
1558.0	0	3	0	5
1559.0	0	3	0	1
1561.0	0	1	0	2
1563.0	0	1	0	1
1564.0	0	1	0	0
1567.0	0	2	0	2
1568.0	0	0	0	1
1569.0	0	1	0	0
1570.0	0	2	0	4
1571.0	0	2	0	2
1572.0	0	3	0	1
1573.0	0	1	0	1
1575.0	0	1	0	1
1576.0	0	1	0	2
1577.0	0	2	0	1
1578.0	0	1	0	2
1579.0	0	1	0	2
1580.0	0	3	0	3
1581.0	0	3	0	1
1582.0	0	1	0	1
1583.0	0	2	0	3
1584.0	0	1	0	0
1585.0	0	1	0	2
1586.0	0	3	0	2
1587.0	0	2	0	2
1588.0	0	1	0	1
1589.0	0	2	0	2
1590.0	0	2	0	2
1591.0	0	2	0	3
1592.0	0	1	0	0
1594.0	0	1	0	1
1596.0	0	2	0	2
1597.0	0	0	0	1
1598.0	0	1	0	0
1600.0	0	2	0	3
1601.0	0	3	0	3
1602.0	0	2	0	1
1603.0	0	1	0	1
1604.0	0	0	0	1
1605.0	0	1	0	1
1606.0	0	1	0	1
1607.0	0	2	0	1
1608.0	0	1	0	1
1609.0	0	0	0	1
1610.0	0	2	0	1
1615.0	0	2	0	4
1616.0	0	3	0	2
1617.0	0	2	0	1
1624.0	0	1	0	1
1625.0	0	0	0	1
1626.0	0	1	0	0
1629.0	0	2	0	4
1630.0	0	1	0	1
1631.0	0	2	0	1
1632.0	0	1	0	1
1633.0	0	3	0	2
1636.0	0	2	0	3
1637.0	0	1	0	1
1638.0	0	1	0	3
1639.0	0	3	0	0
1640.0	0	1	0	1
1641.0	0	0	0	1
1642.0	0	1	0	0
1645.0	0	1	0	1
1646.0	0	1	0	2
1647.0	0	2	0	1
1651.0	0	0	0	1
1652.0	0	1	0	0
1653.0	0	1	0	2
1654.0	0	1	0	1
1655.0	0	2	0	1
1658.0	0	0	0	1
1659.0	0	1	0	0
1662.0	0	1	0	2
1663.0	0	1	0	1
1664.0	0	1	0	0
1667.0	0	0	0	2
1668.0	0	3	0	2
1669.0	0	1	0	1
1670.0	0	1	0	0
1672.0	0	0	0	1
1675.0	0	2	0	1
1676.0	0	1	0	1
1679.0	0	2	0	2
1680.0	0	3	0	3
1681.0	0	1	0	2
1682.0	0	2	0	1
1683.0	0	0	0	1
1684.0	0	1	0	0
1687.0	0	1	0	1
1688.0	0	0	0	1
1689.0	0	1	0	0
1692.0	0	1	0	2
1693.0	0	1	0	0
1694.0	0	0	0	1
1695.0	0	2	0	1
1697.0	0	3	0	3
1698.0	0	1	0	1
1699.0	0	1	0	2
1700.0	0	0	0	1
1701.0	0	2	0	2
1702.0	0	3	0	2
1703.0	0	1	0	0
1704.0	0	0	0	2
1705.0	0	2	0	0
1706.0	0	0	0	1
1708.0	0	1	0	1
1709.0	0	2	0	1
1711.0	0	0	0	1
1712.0	0	2	0	1
1714.0	0	2	0	2
1715.0	0	1	0	1
1716.0	0	1	0	1
1717.0	0	1	0	1
1718.0	0	1	0	1
1720.0	0	1	0	3
1721.0	0	2	0	0
1722.0	0	2	0	3
1723.0	0	1	0	0
1724.0	0	1	0	1
1726.0	0	0	0	1
1727.0	0	1	0	1
1728.0	0	2	0	1
1730.0	0	1	0	1
1733.0	0	1	0	2
1734.0	0	1	0	1
1735.0	0	1	0	0
1740.0	0	1	0	1
1742.0	0	1	0	1
1743.0	0	1	0	1
1746.0	0	0	0	1
1747.0	0	1	0	0
1749.0	0	1	0	1
1750.0	0	1	0	1
1752.0	0	2	0	2
1753.0	0	1	0	3
1754.0	0	2	0	1
1755.0	0	2	0	1
1757.0	0	1	0	1
1758.0	0	1	0	1
1759.0	0	1	0	1
1760.0	0	1	0	1
1762.0	0	0	0	2
1763.0	0	1	0	0
1764.0	0	3	0	2
1765.0	0	1	0	1
1766.0	0	1	0	2
1768.0	0	2	0	2
1769.0	0	2	0	1
1770.0	0	0	0	1
1771.0	0	1	0	0
1773.0	0	0	0	1
1774.0	0	1	0	2
1775.0	0	2	0	2
1776.0	0	2	0	0
1779.0	0	2	0	3
1780.0	0	2	0	2
1781.0	0	2	0	1
1782.0	0	0	0	1
1783.0	0	0	0	1
1784.0	0	2	0	0
1785.0	0	2	0	2
1787.0	0	1	0	1
1789.0	0	0	0	1
1790.0	0	2	0	1
1791.0	0	1	0	1
1796.0	0	1	0	1
1797.0	0	1	0	1
1799.0	0	0	0	1
1800.0	0	1	0	0
1801.0	0	1	0	1
1802.0	0	1	0	1
1805.0	0	0	0	1
1806.0	0	1	0	0
1808.0	0	0	0	2
1809.0	0	2	0	0
1810.0	0	0	0	1
1811.0	0	0	0	2
1812.0	0	1	0	0
1813.0	0	2	0	1
1815.0	0	1	0	0
1816.0	0	0	0	1
1817.0	0	1	0	1
1818.0	0	0	0	2
1819.0	0	4	0	2
1820.0	0	2	0	2
1821.0	0	1	0	2
1822.0	0	1	0	0
1823.0	0	2	0	1
1826.0	0	2	0	2
1828.0	0	1	0	1
1830.0	0	1	0	4
1831.0	0	3	0	0
1835.0	0	0	0	1
1836.0	0	1	0	0
1837.0	0	1	0	1
1840.0	0	1	0	1
1841.0	0	1	0	1
1842.0	0	1	0	2
1843.0	0	1	0	0
1845.0	0	1	0	1
1847.0	0	1	0	1
1849.0	0	1	0	2
1850.0	0	1	0	0
1851.0	0	1	0	1
1853.0	0	1	0	1
1855.0	0	1	0	1
1861.0	0	1	0	1
1862.0	0	1	0	3
1863.0	0	1	0	1
1864.0	0	3	0	1
1866.0	0	0	0	2
1867.0	0	2	0	0
1868.0	0	1	0	1
1870.0	0	2	0	3
1871.0	0	1	0	0
1872.0	0	1	0	2
1873.0	0	1	0	0
1874.0	0	2	0	3
1875.0	0	1	0	1
1877.0	0	0	0	1
1878.0	0	2	0	0
1882.0	0	0	0	1
1883.0	0	1	0	0
1884.0	0	0	0	1
1885.0	0	1	0	0
1890.0	0	1	0	2
1891.0	0	1	0	2
1892.0	0	3	0	1
1893.0	0	1	0	2
1894.0	0	2	0	1
1897.0	0	2	0	2
1898.0	0	1	0	1
1902.0	0	0	0	2
1903.0	0	4	0	2
1908.0	0	0	0	1
1909.0	0	1	0	0
1910.0	0	2	0	2
1911.0	0	0	0	1
1912.0	0	2	0	3
1913.0	0	2	0	0
1919.0	0	1	0	1
1920.0	0	1	0	1
1925.0	0	0	0	1
1926.0	0	1	0	0
1928.0	0	1	0	1
1931.0	0	1	0	1
1932.0	0	1	0	2
1933.0	0	1	0	2
1934.0	0	1	0	1
1935.0	0	1	0	0
1936.0	0	2	0	2
1937.0	0	0	0	1
1938.0	0	2	0	0
1940.0	0	0	0	1
1941.0	0	1	0	1
1942.0	0	1	0	1
1944.0	0	1	0	1
1945.0	0	1	0	0
1948.0	0	1	0	1
1949.0	0	0	0	1
1950.0	0	1	0	0
1953.0	0	1	0	1
1954.0	0	0	0	1
1955.0	0	1	0	1
1956.0	0	2	0	1
1957.0	0	1	0	1
1958.0	0	1	0	1
1959.0	0	0	0	1
1960.0	0	1	0	0
1968.0	0	1	0	1
1969.0	0	1	0	1
1970.0	0	1	0	1
1971.0	0	0	0	1
1972.0	0	1	0	0
1973.0	0	1	0	2
1975.0	0	1	0	1
1976.0	0	0	0	1
1977.0	0	1	0	1
1978.0	0	1	0	0
1979.0	0	1	0	0
1980.0	0	1	0	3
1981.0	0	4	0	3
1982.0	0	1	0	0
1983.0	0	0	0	1
1984.0	0	1	0	0
1986.0	0	0	0	1
1987.0	0	1	0	0
1989.0	0	3	0	3
1992.0	0	1	0	1
1995.0	0	0	0	1
1996.0	0	2	0	1
1997.0	0	1	0	2
1998.0	0	1	0	0
2000.0	0	1	0	1
2008.0	0	0	0	1
2009.0	0	1	0	0
2010.0	0	0	0	1
2011.0	0	1	0	1
2012.0	0	3	0	3
2014.0	0	1	0	1
2015.0	0	2	0	1
2017.0	0	1	0	1
2020.0	0	1	0	1
2023.0	0	0	0	1
2024.0	0	1	0	0
2025.0	0	0	0	2
2026.0	0	2	0	1
2027.0	0	1	0	0
2028.0	0	1	0	1
2029.0	0	1	0	1
2032.0	0	1	0	1
2034.0	0	0	0	1
2035.0	0	2	0	1
2036.0	0	0	0	1
2039.0	0	1	0	0
2041.0	0	1	0	1
2042.0	0	1	0	1
2045.0	0	0	0	1
2046.0	0	2	0	2
2047.0	0	1	0	1
2048.0	0	1	0	0
2050.0	0	0	0	2
2052.0	0	3	0	2
2053.0	0	1	0	0
2060.0	0	0	0	1
2061.0	0	1	0	1
2062.0	0	0	0	1
2063.0	0	2	0	1
2064.0	0	1	0	0
2068.0	0	1	0	1
2069.0	0	0	0	1
2070.0	0	1	0	2
2071.0	0	1	0	1
2072.0	0	2	0	1
2073.0	0	1	0	0
2075.0	0	1	0	1
2076.0	0	0	0	2
2077.0	0	2	0	1
2079.0	0	1	0	0
2080.0	0	0	0	1
2081.0	0	1	0	1
2082.0	0	0	0	1
2083.0	0	2	0	1
2084.0	0	2	0	1
2085.0	0	1	0	2
2086.0	0	2	0	3
2087.0	0	2	0	0
2089.0	0	1	0	1
2091.0	0	1	0	2
2093.0	0	2	0	1
2097.0	0	1	0	1
2103.0	0	0	0	1
2104.0	0	1	0	1
2105.0	0	2	0	1
2106.0	0	0	0	1
2107.0	0	1	0	0
2110.0	0	1	0	1
2112.0	0	1	0	2
2113.0	0	2	0	2
2114.0	0	1	0	0
2116.0	0	0	0	1
2117.0	0	0	0	1
2118.0	0	2	0	0
2122.0	0	1	0	1
2123.0	0	0	0	1
2124.0	0	1	0	0
2125.0	0	0	0	1
2126.0	0	2	0	2
2127.0	0	1	0	1
2128.0	0	1	0	1
2129.0	0	1	0	0
2131.0	0	0	0	3
2132.0	0	1	0	1
2133.0	0	1	0	0
2134.0	0	1	0	0
2135.0	0	1	0	0
2138.0	0	1	0	1
2144.0	0	0	0	1
2146.0	0	1	0	0
2152.0	0	1	0	1
2154.0	0	0	0	1
2155.0	0	0	0	1
2156.0	0	1	0	0
2157.0	0	1	0	1
2158.0	0	1	0	1
2159.0	0	1	0	0
2162.0	0	1	0	1
2163.0	0	0	0	1
2164.0	0	0	0	1
2165.0	0	2	0	1
2166.0	0	1	0	0
2168.0	0	0	0	1
2169.0	0	1	0	0
2170.0	0	1	0	1
2179.0	0	0	0	1
2180.0	0	1	0	1
2181.0	0	1	0	0
2185.0	0	1	0	1
2191.0	0	1	0	1
2192.0	0	0	0	1
2193.0	0	1	0	1
2196.0	0	2	0	1
2202.0	0	1	0	1
2203.0	0	0	0	1
2204.0	0	1	0	1
2206.0	0	0	0	1
2207.0	0	2	0	0
2209.0	0	0	0	1
2210.0	0	1	0	0
2211.0	0	1	0	1
2212.0	0	0	0	1
2214.0	0	1	0	0
2218.0	0	1	0	1
2221.0	0	0	0	1
2222.0	0	1	0	1
2223.0	0	1	0	0
2224.0	0	0	0	1
2225.0	0	1	0	1
2226.0	0	1	0	0
2227.0	0	0	0	1
2229.0	0	1	0	0
2231.0	0	1	0	1
2238.0	0	0	0	1
2239.0	0	2	0	1
2241.0	0	1	0	2
2242.0	0	1	0	0
2244.0	0	1	0	1
2246.0	0	0	0	1
2247.0	0	1	0	0
2249.0	0	0	0	1
2251.0	0	1	0	0
2253.0	0	1	0	1
2256.0	0	0	0	1
2258.0	0	1	0	0
2260.0	0	1	0	1
2264.0	0	0	0	1
2265.0	0	1	0	0
2267.0	0	0	0	1
2268.0	0	1	0	0
2269.0	0	0	0	1
2271.0	0	1	0	0
2277.0	0	0	0	1
2280.0	0	1	0	0
2281.0	0	0	0	1
2282.0	0	1	0	0
2286.0	0	0	0	1
2287.0	0	1	0	1
2288.0	0	1	0	1
2289.0	0	1	0	0
2292.0	0	0	0	1
2293.0	0	1	0	1
2294.0	0	1	0	1
2296.0	0	1	0	0
2297.0	0	0	0	1
2298.0	0	0	0	1
2299.0	0	1	0	0
2300.0	0	1	0	0
2302.0	0	0	0	1
2304.0	0	1	0	1
2306.0	0	2	0	1
2309.0	0	0	0	1
2310.0	0	2	0	1
2311.0	0	1	0	1
2312.0	0	1	0	1
2313.0	0	1	0	1
2314.0	0	0	0	2
2315.0	0	2	0	0
2316.0	0	1	0	1
2317.0	0	0	0	2
2318.0	0	1	0	0
2319.0	0	2	0	1
2322.0	0	0	0	1
2323.0	0	1	0	1
2325.0	0	1	0	0
2326.0	0	1	0	2
2327.0	0	1	0	0
2328.0	0	0	0	1
2330.0	0	1	0	0
2336.0	0	1	0	2
2340.0	0	1	0	0
2345.0	0	2	0	3
2347.0	0	1	0	0
2349.0	0	0	0	1
2350.0	0	0	0	1
2351.0	0	1	0	0
2353.0	0	1	0	1
2354.0	0	1	0	0
2355.0	0	0	0	2
2356.0	0	2	0	0
2357.0	0	0	0	1
2359.0	0	2	0	1
2360.0	0	1	0	1
2366.0	0	0	0	1
2367.0	0	1	0	0
2369.0	0	0	0	1
2372.0	0	1	0	0
2381.0	0	0	0	1
2382.0	0	1	0	0
2386.0	0	0	0	1
2387.0	0	1	0	1
2389.0	0	1	0	1
2391.0	0	2	0	2
2392.0	0	1	0	1
2394.0	0	1	0	1
2395.0	0	2	0	1
2396.0	0	0	0	1
2398.0	0	1	0	0
2403.0	0	0	0	1
2404.0	0	1	0	0
2407.0	0	0	0	1
2409.0	0	1	0	2
2410.0	0	3	0	2
2412.0	0	1	0	0
2419.0	0	1	0	1
2422.0	0	0	0	1
2423.0	0	0	0	1
2424.0	0	2	0	0
2434.0	0	1	0	1
2437.0	0	1	0	1
2438.0	0	0	0	1
2439.0	0	1	0	0
2444.0	0	0	0	1
2445.0	0	1	0	2
2446.0	0	2	0	1
2447.0	0	1	0	2
2448.0	0	2	0	0
2449.0	0	1	0	1
2450.0	0	1	0	1
2453.0	0	0	0	1
2454.0	0	1	0	0
2455.0	0	0	0	1
2456.0	0	1	0	0
2467.0	0	1	0	1
2468.0	0	0	0	1
2469.0	0	1	0	0
2470.0	0	0	0	1
2473.0	0	1	0	0
2475.0	0	0	0	1
2476.0	0	1	0	0
2478.0	0	1	0	2
2479.0	0	1	0	0
2480.0	0	0	0	2
2481.0	0	1	0	0
2482.0	0	1	0	1
2483.0	0	1	0	0
2484.0	0	0	0	1
2485.0	0	1	0	0
2486.0	0	0	0	1
2489.0	0	1	0	0
2491.0	0	0	0	1
2492.0	0	1	0	0
2495.0	0	0	0	1
2496.0	0	1	0	1
2497.0	0	1	0	0
2499.0	0	0	0	1
2500.0	0	1	0	0
2507.0	0	0	0	1
2509.0	0	1	0	1
2510.0	0	1	0	0
2515.0	0	0	0	2
2516.0	0	1	0	1
2517.0	0	1	0	0
2518.0	0	1	0	0
2526.0	0	0	0	1
2527.0	0	1	0	1
2528.0	0	1	0	1
2529.0	0	1	0	1
2530.0	0	1	0	0
2536.0	0	0	0	1
2537.0	0	1	0	0
2549.0	0	1	0	1
2551.0	0	0	0	1
2553.0	0	1	0	0
2557.0	0	0	0	1
2558.0	0	1	0	1
2559.0	0	1	0	0
2560.0	0	0	0	1
2563.0	0	1	0	0
2566.0	0	0	0	1
2567.0	0	1	0	0
2568.0	0	0	0	2
2569.0	0	1	0	0
2571.0	0	1	0	1
2573.0	0	1	0	0
2578.0	0	1	0	1
2580.0	0	1	0	1
2581.0	0	0	0	1
2582.0	0	1	0	0
2585.0	0	1	0	1
2588.0	0	0	0	2
2589.0	0	2	0	1
2591.0	0	1	0	1
2592.0	0	0	0	1
2593.0	0	2	0	0
2596.0	0	0	0	1
2597.0	0	1	0	0
2598.0	0	0	0	1
2599.0	0	1	0	0
2604.0	0	0	0	1
2605.0	0	1	0	0
2611.0	0	1	0	1
2612.0	0	0	0	1
2614.0	0	1	0	0
2615.0	0	0	0	1
2616.0	0	1	0	0
2622.0	0	0	0	1
2624.0	0	0	0	1
2625.0	0	2	0	2
2627.0	0	2	0	0
2628.0	0	2	0	2
2631.0	0	0	0	1
2633.0	0	1	0	0
2636.0	0	1	0	1
2644.0	0	1	0	1
2650.0	0	0	0	1
2652.0	0	1	0	1
2653.0	0	1	0	1
2654.0	0	1	0	1
2657.0	0	1	0	0
2660.0	0	2	0	2
2664.0	0	1	0	1
2665.0	0	0	0	4
2666.0	0	2	0	0
2667.0	0	1	0	0
2668.0	0	1	0	0
2673.0	0	0	0	1
2674.0	0	1	0	0
2675.0	0	0	0	1
2676.0	0	1	0	1
2677.0	0	1	0	1
2678.0	0	0	0	1
2679.0	0	1	0	0
2680.0	0	1	0	0
2690.0	0	0	0	1
2691.0	0	0	0	1
2692.0	0	1	0	1
2694.0	0	2	0	1
2695.0	0	1	0	1
2697.0	0	0	0	1
2698.0	0	1	0	1
2699.0	0	1	0	0
2700.0	0	2	0	1
2703.0	0	0	0	1
2704.0	0	0	0	1
2705.0	0	1	0	0
2707.0	0	2	0	2
2709.0	0	1	0	1
2710.0	0	1	0	0
2716.0	0	1	0	4
2717.0	0	1	0	1
2718.0	0	2	0	0
2719.0	0	1	0	0
2726.0	0	0	0	1
2727.0	0	1	0	0
2736.0	0	0	0	1
2739.0	0	1	0	2
2741.0	0	1	0	0
2743.0	0	2	0	2
2745.0	0	0	0	1
2746.0	0	2	0	0
2747.0	0	0	0	1
2748.0	0	1	0	0
2749.0	0	0	0	1
2751.0	0	1	0	0
2754.0	0	1	0	1
2757.0	0	0	0	1
2758.0	0	1	0	0
2762.0	0	1	0	1
2769.0	0	0	0	1
2770.0	0	1	0	0
2774.0	0	0	0	1
2775.0	0	0	0	1
2776.0	0	2	0	1
2779.0	0	1	0	0
2782.0	0	0	0	1
2784.0	0	1	0	0
2786.0	0	1	0	1
2789.0	0	0	0	1
2790.0	0	0	0	1
2791.0	0	2	0	0
2799.0	0	0	0	1
2801.0	0	1	0	0
2806.0	0	0	0	1
2808.0	0	0	0	1
2809.0	0	1	0	0
2810.0	0	1	0	0
2815.0	0	1	0	1
2822.0	0	0	0	1
2824.0	0	1	0	0
2844.0	0	1	0	1
2862.0	0	0	0	1
2864.0	0	1	0	0
2865.0	0	0	0	1
2866.0	0	1	0	0
2871.0	0	0	0	1
2876.0	0	1	0	0
2877.0	0	0	0	1
2878.0	0	0	0	1
2880.0	0	0	0	1
2881.0	0	3	0	0
2883.0	0	0	0	1
2885.0	0	0	0	1
2886.0	0	1	0	0
2887.0	0	1	0	0
2888.0	0	0	0	2
2889.0	0	1	0	0
2890.0	0	1	0	0
2903.0	0	0	0	1
2904.0	0	1	0	0
2906.0	0	0	0	1
2907.0	0	1	0	0
2908.0	0	0	0	1
2910.0	0	1	0	0
2915.0	0	0	0	1
2918.0	0	1	0	0
2927.0	0	0	0	1
2928.0	0	1	0	0
2931.0	0	0	0	1
2932.0	0	0	0	1
2933.0	0	1	0	0
2934.0	0	1	0	0
2935.0	0	0	0	2
2937.0	0	1	0	0
2940.0	0	1	0	0
2947.0	0	0	0	1
2948.0	0	1	0	0
2952.0	0	0	0	1
2955.0	0	2	0	1
2956.0	0	1	0	1
2961.0	0	0	0	2
2962.0	0	1	0	0
2963.0	0	1	0	0
2966.0	0	0	0	1
2968.0	0	1	0	1
2969.0	0	1	0	0
2971.0	0	0	0	1
2972.0	0	1	0	0
2977.0	0	0	0	1
2979.0	0	1	0	0
2985.0	0	0	0	1
2987.0	0	1	0	0
2992.0	0	0	0	1
2996.0	0	1	0	0
3002.0	0	0	0	1
3003.0	0	1	0	1
3005.0	0	1	0	1
3006.0	0	2	0	1
3009.0	0	0	0	1
3012.0	0	1	0	0
3015.0	0	1	0	2
3017.0	0	1	0	0
3027.0	0	0	0	2
3028.0	0	1	0	0
3029.0	0	1	0	0
3030.0	0	0	0	1
3031.0	0	1	0	0
3046.0	0	0	0	1
3047.0	0	1	0	0
3059.0	0	1	0	1
3060.0	0	1	0	1
3062.0	0	0	0	1
3063.0	0	0	0	1
3065.0	0	2	0	0
3068.0	0	0	0	1
3071.0	0	0	0	2
3072.0	0	1	0	2
3073.0	0	2	0	0
3074.0	0	2	0	0
3078.0	0	0	0	1
3081.0	0	1	0	0
3083.0	0	0	0	1
3087.0	0	1	0	0
3088.0	0	0	0	1
3090.0	0	1	0	0
3093.0	0	0	0	1
3094.0	0	1	0	0
3098.0	0	1	0	1
3104.0	0	1	0	1
3119.0	0	0	0	1
3121.0	0	1	0	0
3127.0	0	0	0	1
3128.0	0	1	0	0
3140.0	0	0	0	1
3143.0	0	1	0	0
3148.0	0	1	0	1
3150.0	0	0	0	1
3153.0	0	1	0	0
3159.0	0	0	0	1
3160.0	0	2	0	1
3163.0	0	0	0	1
3164.0	0	0	0	1
3165.0	0	1	0	0
3167.0	0	1	0	0
3170.0	0	1	0	1
3171.0	0	0	0	1
3173.0	0	1	0	0
3187.0	0	1	0	1
3192.0	0	1	0	2
3194.0	0	1	0	0
3197.0	0	0	0	1
3199.0	0	1	0	0
3200.0	0	0	0	1
3201.0	0	1	0	0
3219.0	0	1	0	1
3222.0	0	1	0	1
3223.0	0	1	0	1
3227.0	0	0	0	2
3229.0	0	1	0	0
3231.0	0	1	0	1
3233.0	0	1	0	1
3236.0	0	0	0	1
3237.0	0	1	0	0
3238.0	0	1	0	0
3246.0	0	0	0	1
3247.0	0	1	0	1
3249.0	0	1	0	0
3257.0	0	0	0	1
3260.0	0	1	0	0
3262.0	0	1	0	1
3266.0	0	1	0	1
3271.0	0	0	0	1
3273.0	0	1	0	0
3280.0	0	0	0	1
3282.0	0	1	0	0
3286.0	0	0	0	1
3288.0	0	1	0	0
3292.0	0	0	0	1
3293.0	0	1	0	0
3296.0	0	0	0	1
3298.0	0	1	0	2
3299.0	0	0	0	1
3300.0	0	1	0	0
3301.0	0	2	0	0
3305.0	0	0	0	1
3306.0	0	1	0	0
3312.0	0	0	0	1
3313.0	0	1	0	0
3333.0	0	0	0	1
3334.0	0	1	0	0
3339.0	0	0	0	1
3343.0	0	1	0	1
3345.0	0	1	0	0
3351.0	0	1	0	1
3365.0	0	0	0	1
3367.0	0	1	0	0
3373.0	0	0	0	1
3374.0	0	1	0	1
3376.0	0	1	0	0
3380.0	0	0	0	1
3381.0	0	1	0	0
3383.0	0	0	0	1
3386.0	0	1	0	0
3402.0	0	0	0	1
3405.0	0	1	0	0
3409.0	0	1	0	1
3414.0	0	0	0	1
3421.0	0	1	0	0
3423.0	0	0	0	1
3425.0	0	1	0	0
3429.0	0	0	0	1
3430.0	0	1	0	0
3460.0	0	0	0	1
3464.0	0	1	0	0
3481.0	0	0	0	1
3483.0	0	1	0	0
3489.0	0	0	0	1
3490.0	0	0	0	1
3492.0	0	1	0	0
3494.0	0	1	0	0
3498.0	0	0	0	2
3500.0	0	1	0	0
3503.0	0	1	0	0
3510.0	0	0	0	1
3511.0	0	1	0	0
3524.0	0	0	0	1
3528.0	0	1	0	0
3532.0	0	0	0	1
3536.0	0	1	0	0
3541.0	0	0	0	1
3543.0	0	1	0	0
3545.0	0	0	0	1
3547.0	0	1	0	0
3549.0	0	0	0	1
3550.0	0	1	0	0
3561.0	0	0	0	1
3563.0	0	1	0	1
3564.0	0	1	0	1
3566.0	0	1	0	0
3568.0	0	0	0	1
3571.0	0	1	0	0
3584.0	0	0	0	1
3585.0	0	0	0	1
3587.0	0	1	0	0
3588.0	0	1	0	0
3601.0	0	0	0	1
3604.0	0	1	0	0
3620.0	0	0	0	1
3621.0	0	1	0	1
3626.0	0	1	0	0
3647.0	0	0	0	1
3649.0	0	1	0	0
3653.0	0	0	0	1
3655.0	0	1	0	0
3658.0	0	1	0	1
3690.0	0	0	0	1
3696.0	0	1	0	0
3703.0	0	0	0	1
3705.0	0	1	0	0
3707.0	0	0	0	1
3709.0	0	1	0	0
3718.0	0	0	0	1
3723.0	0	1	0	0
3739.0	0	0	0	1
3742.0	0	1	0	0
3748.0	0	0	0	1
3752.0	0	1	0	0
3754.0	0	0	0	2
3756.0	0	1	0	0
3758.0	0	1	0	0
3767.0	0	0	0	1
3770.0	0	0	0	1
3771.0	0	1	0	0
3772.0	0	1	0	0
3779.0	0	0	0	1
3783.0	0	1	0	0
3788.0	0	1	0	1
3791.0	0	0	0	1
3794.0	0	1	0	0
3804.0	0	0	0	1
3806.0	0	1	0	0
3810.0	0	1	0	1
3811.0	0	0	0	1
3813.0	0	1	0	0
3814.0	0	0	0	1
3817.0	0	1	0	0
3845.0	0	0	0	1
3847.0	0	1	0	1
3848.0	0	1	0	0
3862.0	0	0	0	1
3864.0	0	1	0	0
3869.0	0	0	0	1
3873.0	0	1	0	0
3887.0	0	0	0	1
3889.0	0	1	0	0
3893.0	0	1	0	1
3896.0	0	0	0	1
3900.0	0	1	0	0
3903.0	0	0	0	1
3906.0	0	1	0	0
3921.0	0	0	0	1
3924.0	0	1	0	0
3932.0	0	1	0	1
3933.0	0	0	0	1
3935.0	0	1	0	0
3938.0	0	0	0	1
3941.0	0	1	0	0
3951.0	0	0	0	1
3955.0	0	1	0	0
3960.0	0	0	0	1
3961.0	0	1	0	0
4008.0	0	0	0	1
4010.0	0	0	0	1
4011.0	0	1	0	0
4013.0	0	1	0	1
4015.0	0	1	0	0
4028.0	0	0	0	1
4031.0	0	1	0	0
4036.0	0	0	0	1
4038.0	0	1	0	0
4044.0	0	0	0	1
4045.0	0	1	0	0
4083.0	0	0	0	1
4085.0	0	0	0	1
4086.0	0	1	0	0
4088.0	0	0	0	1
4089.0	0	1	0	0
4091.0	0	1	0	0
4115.0	0	0	0	1
4123.0	0	1	0	0
4133.0	0	1	0	1
4134.0	0	0	0	1
4139.0	0	1	0	0
4142.0	0	0	0	1
4145.0	0	1	0	0
4149.0	0	0	0	1
4152.0	0	1	0	0
4166.0	0	0	0	1
4167.0	0	0	0	1
4168.0	0	1	0	0
4171.0	0	1	0	0
4172.0	0	0	0	1
4178.0	0	1	0	0
4179.0	0	0	0	1
4184.0	0	0	0	1
4185.0	0	1	0	0
4188.0	0	1	0	0
4201.0	0	1	0	1
4226.0	0	0	0	1
4228.0	0	1	0	0
4240.0	0	0	0	1
4244.0	0	1	0	0
4265.0	0	0	0	1
4266.0	0	0	0	1
4271.0	0	2	0	0
4313.0	0	0	0	1
4317.0	0	1	0	1
4318.0	0	0	0	1
4323.0	0	1	0	0
4324.0	0	1	0	0
4330.0	0	1	0	1
4415.0	0	0	0	1
4416.0	0	1	0	0
4428.0	0	0	0	1
4435.0	0	1	0	0
4437.0	0	0	0	1
4440.0	0	1	0	0
4474.0	0	0	0	1
4477.0	0	1	0	0
4517.0	0	0	0	1
4519.0	0	1	0	0
4549.0	0	0	0	1
4550.0	0	1	0	0
4554.0	0	0	0	1
4556.0	0	1	0	0
4602.0	0	0	0	1
4605.0	0	1	0	0
4609.0	0	0	0	1
4610.0	0	1	0	0
4617.0	0	0	0	1
4621.0	0	1	0	0
4622.0	0	0	0	1
4625.0	0	1	0	0
4646.0	0	0	0	1
4649.0	0	1	0	0
4656.0	0	0	0	1
4662.0	0	1	0	0
4682.0	0	0	0	1
4685.0	0	1	0	0
4696.0	0	0	0	1
4699.0	0	1	0	1
4703.0	0	1	0	0
4713.0	0	0	0	1
4717.0	0	1	0	0
4751.0	0	0	0	1
4754.0	0	1	0	0
4773.0	0	0	0	2
4774.0	0	0	0	1
4777.0	0	1	0	0
4778.0	0	1	0	0
4780.0	0	1	0	0
4836.0	0	0	0	1
4839.0	0	1	0	0
4865.0	0	0	0	1
4869.0	0	0	0	1
4870.0	0	1	0	0
4876.0	0	1	0	0
4899.0	0	0	0	1
4904.0	0	1	0	0
4923.0	0	0	0	1
4926.0	0	1	0	0
4951.0	0	0	0	1
4954.0	0	1	0	0
4975.0	0	0	0	1
4977.0	0	1	0	0
4982.0	0	0	0	1
4987.0	0	0	0	1
4988.0	0	1	0	0
4995.0	0	1	0	0
5008.0	0	0	0	1
5010.0	0	1	0	0
5023.0	0	0	0	1
5025.0	0	1	0	0
5036.0	0	0	0	1
5042.0	0	1	0	0
5078.0	0	0	0	1
5080.0	0	0	0	1
5082.0	0	1	0	0
5086.0	0	1	0	0
5240.0	0	0	0	1
5244.0	0	1	0	0
5261.0	0	0	0	1
5266.0	0	1	0	0
5316.0	0	0	0	1
5319.0	0	1	0	0
5325.0	0	0	0	1
5327.0	0	0	0	1
5328.0	0	1	0	0
5331.0	0	1	0	0
5421.0	0	0	0	1
5432.0	0	1	0	0
5561.0	0	0	0	1
5567.0	0	1	0	0
5572.0	0	0	0	1
5575.0	0	1	0	0
5607.0	0	0	0	1
5614.0	0	1	0	0
5622.0	0	0	0	1
5624.0	0	0	0	1
5627.0	0	1	0	0
5629.0	0	1	0	0
5630.0	0	0	0	1
5631.0	0	1	0	0
5700.0	0	0	0	1
5703.0	0	0	0	1
5705.0	0	1	0	0
5713.0	0	1	0	0
5822.0	0	0	0	1
5829.0	0	1	0	0
5846.0	0	0	0	1
5857.0	0	1	0	0
5878.0	0	0	0	1
5884.0	0	1	0	0
5922.0	0	0	0	1
5927.0	0	1	0	0
5968.0	0	0	0	1
5980.0	0	1	0	0
6040.0	0	0	0	1
6045.0	0	1	0	0
6109.0	0	0	0	1
6118.0	0	1	0	0
6145.0	0	0	0	1
6149.0	0	0	0	1
6150.0	0	1	0	0
6159.0	0	1	0	0
6260.0	0	0	0	1
6267.0	0	1	0	0
6306.0	0	0	0	1
6314.0	0	1	0	1
6321.0	0	1	0	0
6385.0	0	0	0	1
6388.0	0	0	0	1
6392.0	0	1	0	0
6396.0	0	1	0	0
6415.0	0	0	0	1
6418.0	0	1	0	0
6421.0	0	0	0	1
6424.0	0	1	0	0
6427.0	0	0	0	1
6432.0	0	1	0	0
6454.0	0	0	0	1
6463.0	0	1	0	0
6478.0	0	0	0	1
6484.0	0	1	0	0
6494.0	0	0	0	1
6503.0	0	1	0	0
6613.0	0	0	0	1
6623.0	0	1	0	0
6655.0	0	0	0	1
6660.0	0	0	0	1
6667.0	0	1	0	0
6668.0	0	1	0	0
6701.0	0	0	0	1
6707.0	0	1	0	0
6718.0	0	0	0	1
6721.0	0	1	0	0
6723.0	0	0	0	1
6725.0	0	0	0	1
6733.0	0	1	0	0
6735.0	0	1	0	0
6754.0	0	0	0	1
6758.0	0	1	0	0
6814.0	0	0	0	1
6824.0	0	1	0	0
6882.0	0	0	0	1
6886.0	0	1	0	0
6893.0	0	0	0	1
6897.0	0	1	0	0
6961.0	0	0	0	1
6967.0	0	1	0	0
6988.0	0	0	0	1
6996.0	0	1	0	0
6997.0	0	0	0	1
7002.0	0	1	0	0
7007.0	0	0	0	1
7009.0	0	1	0	0
7015.0	0	0	0	1
7024.0	0	1	0	0
7031.0	0	0	0	1
7046.0	0	1	0	0
7116.0	0	0	0	1
7119.0	0	1	0	0
7176.0	0	0	0	1
7179.0	0	1	0	0
7312.0	0	0	0	1
7320.0	0	1	0	0
7529.0	0	0	0	1
7538.0	0	1	0	0
7556.0	0	0	0	1
7567.0	0	1	0	0
7866.0	0	0	0	1
7877.0	0	1	0	0
7919.0	0	0	0	1
7924.0	0	1	0	0
8020.0	0	0	0	1
8029.0	0	1	0	0
8242.0	0	0	0	1
8251.0	0	1	0	0
8450.0	0	0	0	1
8458.0	0	1	0	0
8483.0	0	0	0	1
8496.0	0	1	0	0
8637.0	0	0	0	1
8647.0	0	1	0	0
8879.0	0	0	0	1
8893.0	0	1	0	0
8927.0	0	0	0	1
8943.0	0	1	0	0
9177.0	0	0	0	1
9196.0	0	1	0	0
9248.0	0	0	0	1
9263.0	0	1	0	0
9338.0	0	0	0	1
9339.0	0	0	0	1
9353.0	0	1	0	0
9358.0	0	1	0	0
9404.0	0	0	0	1
9411.0	0	0	0	1
9418.0	0	1	0	0
9429.0	0	1	0	0
9472.0	0	0	0	1
9478.0	0	1	0	0
9488.0	0	0	0	1
9499.0	0	1	0	0
9588.0	0	0	0	1
9607.0	0	1	0	0
10097.0	0	0	0	1
10117.0	0	1	0	0
10253.0	0	0	0	1
10266.0	0	0	0	1
10275.0	0	1	0	0
10283.0	0	1	0	0
10461.0	0	0	0	1
10483.0	0	1	0	0
10507.0	0	0	0	1
10529.0	0	1	0	0
10545.0	0	0	0	1
10557.0	0	1	0	0
10914.0	0	0	0	1
10937.0	0	1	0	0
11296.0	0	0	0	1
11314.0	0	1	0	0
11366.0	0	0	0	1
11388.0	0	1	0	0
11635.0	0	0	0	1
11664.0	0	1	0	0
12190.0	0	0	0	1
12216.0	0	1	0	0
12266.0	0	0	0	1
12292.0	0	1	0	0
12417.0	0	0	0	1
12457.0	0	1	0	0
13709.0	0	0	0	1
13740.0	0	1	0	0
14655.0	0	0	0	1
14698.0	0	1	0	0
19051.0	0	0	0	1
19105.0	0	1	0	0
19862.0	0	0	0	1
19923.0	0	1	0	0
22428.0	0	0	0	1
22532.0	0	1	0	0

