## htsjdk.samtools.metrics.StringHeader
# MarkDuplicates --INPUT /home/smit1924/preeclampsia_sex_chromosome_informed/clearBoxRawData/bamFiles/SCP_4733_T_S96_GRCh38_Aligned.sortedByCoord.out.bam --OUTPUT /home/smit1924/preeclampsia_sex_chromosome_informed/clearBoxRawData/bamFiles/deduplicated_data/SCP4733_marked_duplicates.bam --METRICS_FILE /home/smit1924/preeclampsia_sex_chromosome_informed/clearBoxRawData/bamFiles/deduplicated_data/SCP4733_mark_dup_metrics.txt --REMOVE_DUPLICATES true --MAX_SEQUENCES_FOR_DISK_READ_ENDS_MAP 50000 --MAX_FILE_HANDLES_FOR_READ_ENDS_MAP 8000 --SORTING_COLLECTION_SIZE_RATIO 0.25 --TAG_DUPLICATE_SET_MEMBERS false --REMOVE_SEQUENCING_DUPLICATES false --TAGGING_POLICY DontTag --CLEAR_DT true --DUPLEX_UMI false --FLOW_MODE false --FLOW_QUALITY_SUM_STRATEGY false --USE_END_IN_UNPAIRED_READS false --USE_UNPAIRED_CLIPPED_END false --UNPAIRED_END_UNCERTAINTY 0 --FLOW_SKIP_FIRST_N_FLOWS 0 --FLOW_Q_IS_KNOWN_END false --FLOW_EFFECTIVE_QUALITY_THRESHOLD 15 --ADD_PG_TAG_TO_READS true --ASSUME_SORTED false --DUPLICATE_SCORING_STRATEGY SUM_OF_BASE_QUALITIES --PROGRAM_RECORD_ID MarkDuplicates --PROGRAM_GROUP_NAME MarkDuplicates --READ_NAME_REGEX <optimized capture of last three ':' separated fields as numeric values> --OPTICAL_DUPLICATE_PIXEL_DISTANCE 100 --MAX_OPTICAL_DUPLICATE_SET_SIZE 300000 --VERBOSITY INFO --QUIET false --VALIDATION_STRINGENCY STRICT --COMPRESSION_LEVEL 5 --MAX_RECORDS_IN_RAM 500000 --CREATE_INDEX false --CREATE_MD5_FILE false --help false --version false --showHidden false --USE_JDK_DEFLATER false --USE_JDK_INFLATER false
## htsjdk.samtools.metrics.StringHeader
# Started on: Tue Apr 16 15:22:46 ACST 2024

## METRICS CLASS	picard.sam.DuplicationMetrics
LIBRARY	UNPAIRED_READS_EXAMINED	READ_PAIRS_EXAMINED	SECONDARY_OR_SUPPLEMENTARY_RDS	UNMAPPED_READS	UNPAIRED_READ_DUPLICATES	READ_PAIR_DUPLICATES	READ_PAIR_OPTICAL_DUPLICATES	PERCENT_DUPLICATION	ESTIMATED_LIBRARY_SIZE
library	0	19315846	35204302	0	0	8982877	1092	0.465052	13647345

## HISTOGRAM	java.lang.Double
BIN	CoverageMult	all_sets	optical_sets	non_optical_sets
1.0	1.000026	9037719	0	9037877
2.0	1.242871	774637	635	774500
3.0	1.301844	177165	65	177154
4.0	1.316164	81244	20	81238
5.0	1.319642	48167	7	48166
6.0	1.320487	32610	5	32609
7.0	1.320692	23421	5	23422
8.0	1.320741	17682	2	17680
9.0	1.320753	14251	2	14252
10.0	1.320756	11408	3	11408
11.0	1.320757	9458	1	9458
12.0	1.320757	8109	1	8108
13.0	1.320757	6816	0	6816
14.0	1.320757	5775	0	5776
15.0	1.320757	5146	0	5144
16.0	1.320757	4686	0	4688
17.0	1.320757	4045	0	4045
18.0	1.320757	3617	0	3615
19.0	1.320757	3335	0	3336
20.0	1.320757	2872	0	2872
21.0	1.320757	2754	1	2754
22.0	1.320757	2387	0	2387
23.0	1.320757	2416	0	2415
24.0	1.320757	2054	0	2055
25.0	1.320757	1997	0	1997
26.0	1.320757	1831	0	1830
27.0	1.320757	1635	0	1636
28.0	1.320757	1517	0	1516
29.0	1.320757	1453	1	1453
30.0	1.320757	1325	0	1328
31.0	1.320757	1306	0	1303
32.0	1.320757	1179	0	1181
33.0	1.320757	1139	0	1137
34.0	1.320757	1082	0	1083
35.0	1.320757	1045	0	1044
36.0	1.320757	963	0	963
37.0	1.320757	917	0	918
38.0	1.320757	889	0	889
39.0	1.320757	863	0	862
40.0	1.320757	769	0	770
41.0	1.320757	742	0	743
42.0	1.320757	701	0	699
43.0	1.320757	676	0	677
44.0	1.320757	673	0	672
45.0	1.320757	644	0	645
46.0	1.320757	581	0	581
47.0	1.320757	614	0	613
48.0	1.320757	531	0	532
49.0	1.320757	510	0	510
50.0	1.320757	495	0	496
51.0	1.320757	495	0	493
52.0	1.320757	494	0	494
53.0	1.320757	487	0	487
54.0	1.320757	465	0	465
55.0	1.320757	456	0	456
56.0	1.320757	405	0	405
57.0	1.320757	388	0	388
58.0	1.320757	346	0	346
59.0	1.320757	392	1	392
60.0	1.320757	334	0	335
61.0	1.320757	326	0	330
62.0	1.320757	358	0	354
63.0	1.320757	327	0	327
64.0	1.320757	327	0	326
65.0	1.320757	281	0	282
66.0	1.320757	293	0	293
67.0	1.320757	289	0	289
68.0	1.320757	304	0	303
69.0	1.320757	264	0	264
70.0	1.320757	251	0	251
71.0	1.320757	261	0	261
72.0	1.320757	262	0	262
73.0	1.320757	290	0	290
74.0	1.320757	266	0	266
75.0	1.320757	222	0	222
76.0	1.320757	203	0	205
77.0	1.320757	230	0	228
78.0	1.320757	247	0	247
79.0	1.320757	234	0	234
80.0	1.320757	213	0	213
81.0	1.320757	213	0	216
82.0	1.320757	199	0	196
83.0	1.320757	195	0	195
84.0	1.320757	189	0	189
85.0	1.320757	183	0	183
86.0	1.320757	154	0	154
87.0	1.320757	185	0	187
88.0	1.320757	198	0	196
89.0	1.320757	176	0	177
90.0	1.320757	155	0	155
91.0	1.320757	156	0	156
92.0	1.320757	167	0	167
93.0	1.320757	155	0	154
94.0	1.320757	137	0	138
95.0	1.320757	147	0	146
96.0	1.320757	153	0	154
97.0	1.320757	129	0	129
98.0	1.320757	150	0	151
99.0	1.320757	139	0	139
100.0	1.320757	132	0	132
101.0	0	129	0	128
102.0	0	120	0	120
103.0	0	113	0	113
104.0	0	133	0	132
105.0	0	105	0	106
106.0	0	129	0	129
107.0	0	107	0	108
108.0	0	101	0	99
109.0	0	103	0	105
110.0	0	121	0	119
111.0	0	107	0	107
112.0	0	104	0	104
113.0	0	103	0	103
114.0	0	100	0	101
115.0	0	91	0	90
116.0	0	84	0	84
117.0	0	96	0	96
118.0	0	107	0	108
119.0	0	101	0	100
120.0	0	81	0	83
121.0	0	100	0	98
122.0	0	101	0	102
123.0	0	62	0	63
124.0	0	92	0	90
125.0	0	78	0	78
126.0	0	109	0	110
127.0	0	80	0	79
128.0	0	85	0	86
129.0	0	80	0	79
130.0	0	84	0	85
131.0	0	75	0	74
132.0	0	51	0	52
133.0	0	76	0	76
134.0	0	79	0	79
135.0	0	63	0	63
136.0	0	83	0	83
137.0	0	73	0	72
138.0	0	76	0	76
139.0	0	75	0	75
140.0	0	69	0	69
141.0	0	72	0	72
142.0	0	53	0	53
143.0	0	61	0	61
144.0	0	56	0	58
145.0	0	68	0	67
146.0	0	58	0	57
147.0	0	64	0	64
148.0	0	57	0	59
149.0	0	65	0	65
150.0	0	54	0	53
151.0	0	63	0	62
152.0	0	56	0	57
153.0	0	55	0	54
154.0	0	60	0	62
155.0	0	59	0	57
156.0	0	51	0	51
157.0	0	63	0	63
158.0	0	47	0	47
159.0	0	35	0	35
160.0	0	53	0	53
161.0	0	49	0	49
162.0	0	43	0	43
163.0	0	52	0	52
164.0	0	63	0	64
165.0	0	38	0	37
166.0	0	53	0	53
167.0	0	45	0	46
168.0	0	46	0	46
169.0	0	40	0	39
170.0	0	36	0	36
171.0	0	50	0	51
172.0	0	36	0	35
173.0	0	50	0	50
174.0	0	43	0	43
175.0	0	36	0	36
176.0	0	36	0	37
177.0	0	28	0	27
178.0	0	36	0	37
179.0	0	35	0	34
180.0	0	36	0	36
181.0	0	39	0	40
182.0	0	41	0	40
183.0	0	33	0	35
184.0	0	40	0	38
185.0	0	54	0	54
186.0	0	36	0	36
187.0	0	38	0	39
188.0	0	33	0	32
189.0	0	40	0	41
190.0	0	40	0	39
191.0	0	34	0	34
192.0	0	41	0	41
193.0	0	47	0	47
194.0	0	40	0	40
195.0	0	28	0	28
196.0	0	31	0	31
197.0	0	46	0	46
198.0	0	36	0	36
199.0	0	30	0	30
200.0	0	33	0	33
201.0	0	32	0	33
202.0	0	28	0	27
203.0	0	28	0	28
204.0	0	37	0	38
205.0	0	28	0	27
206.0	0	30	0	30
207.0	0	36	0	36
208.0	0	27	0	27
209.0	0	38	0	38
210.0	0	25	0	25
211.0	0	30	0	30
212.0	0	34	0	34
213.0	0	30	0	31
214.0	0	33	0	33
215.0	0	26	0	26
216.0	0	24	0	23
217.0	0	29	0	29
218.0	0	36	0	36
219.0	0	21	0	21
220.0	0	17	0	17
221.0	0	40	0	40
222.0	0	25	0	25
223.0	0	21	0	21
224.0	0	22	0	22
225.0	0	19	0	19
226.0	0	29	0	29
227.0	0	20	0	20
228.0	0	17	0	18
229.0	0	18	0	18
230.0	0	24	0	23
231.0	0	29	0	29
232.0	0	20	0	20
233.0	0	19	0	19
234.0	0	28	0	28
235.0	0	23	0	23
236.0	0	24	0	24
237.0	0	31	0	31
238.0	0	10	0	10
239.0	0	27	0	27
240.0	0	25	0	25
241.0	0	30	0	30
242.0	0	19	0	19
243.0	0	19	0	19
244.0	0	23	0	23
245.0	0	20	0	20
246.0	0	26	0	26
247.0	0	14	0	14
248.0	0	19	0	21
249.0	0	25	0	23
250.0	0	19	0	19
251.0	0	18	0	18
252.0	0	20	0	20
253.0	0	22	0	22
254.0	0	26	0	26
255.0	0	22	0	22
256.0	0	25	0	26
257.0	0	18	0	17
258.0	0	17	0	17
259.0	0	21	0	22
260.0	0	14	0	13
261.0	0	19	0	19
262.0	0	13	0	14
263.0	0	21	0	20
264.0	0	24	0	24
265.0	0	18	0	19
266.0	0	18	0	17
267.0	0	16	0	16
268.0	0	20	0	20
269.0	0	20	0	20
270.0	0	22	0	22
271.0	0	21	0	22
272.0	0	18	0	18
273.0	0	22	0	21
274.0	0	21	0	21
275.0	0	20	0	20
276.0	0	18	0	18
277.0	0	21	0	21
278.0	0	18	0	18
279.0	0	16	0	16
280.0	0	17	0	17
281.0	0	11	0	11
282.0	0	17	0	17
283.0	0	17	0	17
284.0	0	15	0	15
285.0	0	15	0	15
286.0	0	18	0	18
287.0	0	16	0	16
288.0	0	12	0	13
289.0	0	16	0	15
290.0	0	14	0	14
291.0	0	13	0	13
292.0	0	15	0	15
293.0	0	15	0	16
294.0	0	23	0	22
295.0	0	21	0	22
296.0	0	12	0	11
297.0	0	13	0	15
298.0	0	18	0	16
299.0	0	11	0	11
300.0	0	12	0	14
301.0	0	12	0	10
302.0	0	11	0	11
303.0	0	22	0	22
304.0	0	11	0	12
305.0	0	10	0	9
306.0	0	5	0	5
307.0	0	16	0	16
308.0	0	14	0	14
309.0	0	15	0	15
310.0	0	7	0	7
311.0	0	13	0	13
312.0	0	18	0	19
313.0	0	18	0	17
314.0	0	12	0	12
315.0	0	10	0	10
316.0	0	13	0	13
317.0	0	15	0	15
318.0	0	18	0	18
319.0	0	14	0	16
320.0	0	11	0	10
321.0	0	13	0	12
322.0	0	17	0	17
323.0	0	11	0	11
324.0	0	3	0	3
325.0	0	15	0	15
326.0	0	12	0	12
327.0	0	4	0	4
328.0	0	16	0	16
329.0	0	15	0	15
330.0	0	12	0	12
331.0	0	8	0	8
332.0	0	6	0	6
333.0	0	11	0	12
334.0	0	15	0	16
335.0	0	12	0	10
336.0	0	6	0	6
337.0	0	9	0	9
338.0	0	13	0	14
339.0	0	12	0	11
340.0	0	10	0	10
341.0	0	7	0	7
342.0	0	16	0	18
343.0	0	10	0	8
344.0	0	8	0	8
345.0	0	12	0	12
346.0	0	10	0	11
347.0	0	5	0	4
348.0	0	6	0	7
349.0	0	10	0	9
350.0	0	16	0	17
351.0	0	9	0	8
352.0	0	15	0	18
353.0	0	11	0	9
354.0	0	17	0	17
355.0	0	9	0	9
356.0	0	8	0	7
357.0	0	9	0	9
358.0	0	8	0	8
359.0	0	16	0	16
360.0	0	8	0	8
361.0	0	5	0	5
362.0	0	7	0	7
363.0	0	12	0	12
364.0	0	5	0	5
365.0	0	17	0	18
366.0	0	11	0	11
367.0	0	11	0	11
368.0	0	10	0	9
369.0	0	6	0	7
370.0	0	6	0	5
371.0	0	9	0	9
372.0	0	10	0	10
373.0	0	8	0	8
374.0	0	11	0	11
375.0	0	4	0	5
376.0	0	12	0	11
377.0	0	11	0	11
378.0	0	4	0	4
379.0	0	11	0	12
380.0	0	11	0	10
381.0	0	6	0	6
382.0	0	8	0	8
383.0	0	7	0	7
384.0	0	8	0	8
385.0	0	7	0	7
386.0	0	6	0	7
387.0	0	12	0	11
388.0	0	10	0	10
389.0	0	9	0	9
390.0	0	12	0	13
391.0	0	7	0	6
392.0	0	10	0	10
393.0	0	6	0	6
394.0	0	7	0	7
395.0	0	13	0	13
396.0	0	11	0	11
397.0	0	14	0	14
398.0	0	11	0	11
399.0	0	7	0	7
400.0	0	12	0	12
401.0	0	13	0	13
402.0	0	8	0	8
403.0	0	9	0	9
404.0	0	4	0	4
405.0	0	5	0	5
406.0	0	11	0	11
407.0	0	8	0	8
408.0	0	6	0	6
409.0	0	11	0	11
410.0	0	8	0	8
411.0	0	4	0	5
412.0	0	7	0	6
413.0	0	8	0	8
414.0	0	9	0	10
415.0	0	12	0	11
416.0	0	5	0	5
417.0	0	4	0	4
418.0	0	10	0	10
419.0	0	4	0	5
420.0	0	7	0	6
421.0	0	12	0	14
422.0	0	10	0	9
423.0	0	9	0	8
424.0	0	7	0	7
425.0	0	5	0	5
426.0	0	5	0	5
427.0	0	4	0	4
428.0	0	7	0	7
429.0	0	5	0	5
430.0	0	9	0	9
431.0	0	3	0	3
432.0	0	5	0	5
433.0	0	8	0	9
434.0	0	6	0	5
435.0	0	6	0	7
436.0	0	6	0	5
437.0	0	6	0	6
438.0	0	1	0	1
439.0	0	4	0	4
440.0	0	5	0	5
441.0	0	7	0	7
442.0	0	10	0	11
443.0	0	5	0	4
444.0	0	8	0	8
445.0	0	8	0	8
446.0	0	5	0	5
447.0	0	5	0	6
448.0	0	4	0	3
449.0	0	2	0	2
450.0	0	6	0	7
451.0	0	7	0	6
452.0	0	2	0	2
453.0	0	6	0	6
454.0	0	7	0	8
455.0	0	3	0	2
456.0	0	8	0	8
457.0	0	7	0	8
458.0	0	8	0	7
459.0	0	6	0	6
460.0	0	4	0	4
461.0	0	6	0	6
462.0	0	11	0	11
463.0	0	7	0	7
464.0	0	9	0	9
465.0	0	6	0	6
466.0	0	9	0	10
467.0	0	4	0	3
468.0	0	5	0	5
469.0	0	6	0	6
470.0	0	4	0	4
471.0	0	4	0	4
472.0	0	5	0	7
473.0	0	8	0	6
474.0	0	9	0	9
475.0	0	7	0	7
476.0	0	5	0	5
477.0	0	6	0	6
478.0	0	1	0	1
479.0	0	1	0	2
480.0	0	7	0	7
481.0	0	4	0	3
482.0	0	3	0	3
483.0	0	5	0	5
484.0	0	7	0	7
485.0	0	6	0	7
486.0	0	5	0	4
487.0	0	8	0	8
488.0	0	4	0	4
489.0	0	4	0	4
490.0	0	8	0	8
491.0	0	6	0	6
492.0	0	2	0	2
493.0	0	7	0	7
494.0	0	4	0	4
495.0	0	1	0	1
496.0	0	1	0	1
497.0	0	5	0	5
498.0	0	5	0	5
499.0	0	6	0	6
500.0	0	7	0	7
501.0	0	6	0	7
502.0	0	4	0	3
503.0	0	4	0	4
504.0	0	3	0	3
505.0	0	11	0	11
506.0	0	2	0	2
507.0	0	5	0	5
508.0	0	1	0	1
509.0	0	6	0	6
510.0	0	9	0	9
511.0	0	4	0	4
512.0	0	6	0	6
513.0	0	5	0	5
514.0	0	4	0	4
515.0	0	6	0	6
516.0	0	1	0	1
517.0	0	4	0	4
518.0	0	3	0	3
519.0	0	4	0	4
520.0	0	8	0	8
521.0	0	1	0	1
522.0	0	2	0	3
523.0	0	4	0	3
524.0	0	7	0	7
525.0	0	6	0	6
526.0	0	4	0	4
527.0	0	8	0	8
528.0	0	3	0	3
529.0	0	5	0	5
530.0	0	2	0	2
531.0	0	4	0	4
532.0	0	4	0	4
533.0	0	4	0	6
534.0	0	7	0	6
535.0	0	6	0	6
536.0	0	6	0	5
537.0	0	3	0	3
538.0	0	4	0	4
539.0	0	1	0	2
540.0	0	3	0	2
541.0	0	6	0	6
542.0	0	1	0	1
543.0	0	2	0	3
544.0	0	4	0	3
545.0	0	2	0	2
546.0	0	2	0	2
547.0	0	5	0	6
548.0	0	3	0	2
549.0	0	2	0	2
550.0	0	5	0	5
551.0	0	2	0	2
552.0	0	4	0	4
553.0	0	6	0	6
554.0	0	5	0	5
555.0	0	1	0	1
556.0	0	5	0	5
557.0	0	2	0	2
559.0	0	8	0	9
560.0	0	3	0	2
561.0	0	2	0	2
562.0	0	2	0	2
563.0	0	3	0	4
564.0	0	4	0	3
565.0	0	3	0	3
566.0	0	3	0	3
567.0	0	1	0	2
568.0	0	4	0	3
569.0	0	5	0	5
570.0	0	4	0	4
571.0	0	7	0	7
572.0	0	3	0	3
573.0	0	8	0	8
574.0	0	5	0	5
575.0	0	3	0	4
576.0	0	7	0	8
577.0	0	8	0	6
578.0	0	4	0	5
579.0	0	3	0	3
580.0	0	2	0	1
581.0	0	2	0	4
582.0	0	4	0	2
583.0	0	3	0	3
584.0	0	3	0	4
585.0	0	3	0	2
586.0	0	3	0	3
587.0	0	3	0	3
588.0	0	4	0	4
589.0	0	1	0	1
590.0	0	4	0	4
591.0	0	4	0	4
592.0	0	3	0	4
593.0	0	6	0	5
595.0	0	1	0	1
596.0	0	4	0	4
597.0	0	5	0	5
598.0	0	4	0	4
599.0	0	4	0	4
600.0	0	1	0	1
601.0	0	2	0	2
602.0	0	3	0	3
603.0	0	2	0	2
604.0	0	6	0	6
605.0	0	3	0	3
606.0	0	1	0	1
607.0	0	4	0	6
608.0	0	2	0	0
609.0	0	1	0	2
610.0	0	3	0	2
611.0	0	3	0	3
612.0	0	4	0	5
613.0	0	4	0	3
614.0	0	3	0	3
615.0	0	4	0	4
616.0	0	2	0	2
617.0	0	1	0	1
618.0	0	1	0	1
619.0	0	3	0	4
620.0	0	3	0	2
621.0	0	3	0	4
622.0	0	2	0	2
623.0	0	3	0	2
624.0	0	3	0	3
625.0	0	2	0	3
626.0	0	4	0	3
627.0	0	2	0	2
628.0	0	5	0	5
629.0	0	3	0	3
631.0	0	5	0	5
632.0	0	3	0	3
633.0	0	3	0	3
634.0	0	1	0	1
635.0	0	6	0	6
636.0	0	2	0	2
637.0	0	2	0	2
638.0	0	5	0	5
639.0	0	2	0	2
640.0	0	3	0	5
641.0	0	4	0	4
642.0	0	4	0	2
643.0	0	4	0	5
644.0	0	7	0	6
645.0	0	3	0	3
646.0	0	3	0	3
647.0	0	2	0	3
648.0	0	2	0	1
649.0	0	2	0	2
650.0	0	2	0	2
652.0	0	3	0	3
653.0	0	2	0	2
654.0	0	2	0	3
655.0	0	4	0	3
657.0	0	4	0	4
658.0	0	2	0	2
659.0	0	3	0	3
660.0	0	1	0	1
661.0	0	2	0	2
663.0	0	4	0	4
664.0	0	3	0	3
665.0	0	2	0	2
666.0	0	1	0	1
667.0	0	2	0	2
668.0	0	3	0	3
669.0	0	1	0	1
670.0	0	1	0	1
671.0	0	1	0	2
672.0	0	1	0	0
673.0	0	4	0	4
674.0	0	1	0	2
675.0	0	2	0	2
676.0	0	4	0	3
677.0	0	1	0	1
678.0	0	1	0	1
679.0	0	5	0	5
681.0	0	2	0	2
682.0	0	1	0	1
683.0	0	3	0	3
684.0	0	2	0	3
685.0	0	1	0	0
686.0	0	1	0	1
687.0	0	1	0	1
688.0	0	3	0	3
689.0	0	1	0	2
690.0	0	4	0	3
691.0	0	2	0	2
692.0	0	1	0	1
693.0	0	4	0	4
694.0	0	2	0	2
695.0	0	2	0	2
696.0	0	3	0	3
697.0	0	1	0	3
698.0	0	5	0	3
699.0	0	0	0	1
700.0	0	1	0	0
701.0	0	3	0	3
702.0	0	3	0	3
704.0	0	2	0	2
705.0	0	5	0	6
706.0	0	3	0	3
707.0	0	5	0	5
708.0	0	4	0	3
709.0	0	1	0	1
710.0	0	2	0	2
711.0	0	1	0	1
712.0	0	2	0	3
713.0	0	3	0	2
714.0	0	2	0	3
715.0	0	4	0	4
716.0	0	4	0	3
717.0	0	2	0	2
719.0	0	1	0	1
720.0	0	3	0	3
721.0	0	2	0	2
722.0	0	3	0	3
723.0	0	1	0	1
724.0	0	3	0	4
725.0	0	2	0	1
726.0	0	1	0	1
728.0	0	2	0	3
729.0	0	1	0	0
730.0	0	3	0	3
731.0	0	2	0	2
732.0	0	3	0	4
733.0	0	1	0	0
734.0	0	3	0	3
735.0	0	3	0	3
736.0	0	1	0	1
737.0	0	3	0	4
738.0	0	1	0	2
739.0	0	3	0	2
740.0	0	3	0	3
741.0	0	4	0	3
742.0	0	1	0	2
743.0	0	6	0	5
744.0	0	2	0	2
745.0	0	0	0	1
746.0	0	2	0	3
747.0	0	5	0	3
748.0	0	2	0	2
749.0	0	3	0	3
751.0	0	3	0	3
753.0	0	4	0	4
754.0	0	3	0	3
755.0	0	2	0	2
756.0	0	2	0	2
757.0	0	2	0	2
758.0	0	1	0	1
759.0	0	1	0	1
760.0	0	2	0	4
761.0	0	2	0	0
762.0	0	4	0	4
763.0	0	1	0	2
764.0	0	7	0	6
765.0	0	2	0	2
766.0	0	3	0	3
767.0	0	2	0	2
768.0	0	1	0	1
769.0	0	2	0	2
770.0	0	1	0	1
772.0	0	2	0	2
773.0	0	2	0	2
774.0	0	2	0	3
775.0	0	2	0	1
776.0	0	1	0	1
778.0	0	0	0	1
779.0	0	2	0	1
780.0	0	1	0	1
781.0	0	3	0	3
783.0	0	3	0	3
784.0	0	1	0	1
785.0	0	1	0	1
786.0	0	2	0	2
787.0	0	2	0	2
788.0	0	1	0	2
789.0	0	3	0	2
790.0	0	2	0	3
791.0	0	2	0	2
792.0	0	2	0	1
793.0	0	2	0	2
794.0	0	1	0	1
795.0	0	3	0	3
796.0	0	1	0	1
797.0	0	4	0	4
798.0	0	1	0	1
799.0	0	1	0	1
800.0	0	1	0	1
801.0	0	3	0	3
802.0	0	1	0	1
806.0	0	2	0	2
807.0	0	1	0	1
808.0	0	2	0	2
809.0	0	1	0	1
810.0	0	2	0	2
811.0	0	1	0	1
812.0	0	5	0	5
814.0	0	2	0	2
815.0	0	3	0	4
816.0	0	1	0	0
817.0	0	3	0	3
818.0	0	4	0	6
819.0	0	3	0	1
820.0	0	2	0	2
821.0	0	1	0	2
822.0	0	2	0	1
823.0	0	1	0	1
824.0	0	2	0	2
825.0	0	2	0	2
826.0	0	2	0	2
828.0	0	1	0	1
830.0	0	3	0	3
831.0	0	3	0	3
832.0	0	1	0	1
833.0	0	0	0	1
834.0	0	2	0	1
835.0	0	2	0	2
836.0	0	1	0	1
837.0	0	2	0	2
838.0	0	2	0	2
839.0	0	4	0	4
840.0	0	2	0	2
841.0	0	4	0	4
842.0	0	3	0	3
843.0	0	2	0	2
845.0	0	7	0	7
846.0	0	1	0	1
847.0	0	2	0	4
848.0	0	4	0	2
849.0	0	1	0	1
851.0	0	1	0	2
853.0	0	5	0	4
854.0	0	2	0	2
856.0	0	1	0	1
857.0	0	2	0	2
858.0	0	4	0	4
859.0	0	3	0	3
860.0	0	1	0	1
861.0	0	2	0	3
862.0	0	1	0	0
863.0	0	2	0	2
864.0	0	3	0	3
866.0	0	1	0	1
867.0	0	2	0	3
868.0	0	4	0	4
869.0	0	1	0	1
870.0	0	2	0	1
871.0	0	3	0	3
873.0	0	2	0	3
874.0	0	1	0	1
875.0	0	2	0	1
877.0	0	1	0	1
878.0	0	3	0	3
879.0	0	2	0	2
880.0	0	1	0	1
882.0	0	1	0	1
884.0	0	2	0	2
885.0	0	1	0	2
886.0	0	2	0	1
887.0	0	1	0	1
888.0	0	4	0	4
889.0	0	2	0	2
890.0	0	5	0	5
891.0	0	1	0	1
892.0	0	1	0	1
893.0	0	0	0	2
894.0	0	3	0	1
895.0	0	2	0	2
896.0	0	1	0	1
897.0	0	1	0	2
898.0	0	2	0	1
899.0	0	1	0	1
900.0	0	0	0	1
901.0	0	2	0	1
903.0	0	1	0	2
904.0	0	2	0	1
905.0	0	2	0	2
906.0	0	1	0	1
907.0	0	2	0	2
909.0	0	2	0	2
910.0	0	1	0	1
911.0	0	1	0	2
912.0	0	1	0	0
913.0	0	1	0	1
914.0	0	2	0	2
916.0	0	1	0	2
917.0	0	4	0	3
918.0	0	3	0	3
919.0	0	1	0	1
920.0	0	1	0	1
922.0	0	1	0	1
923.0	0	1	0	1
925.0	0	1	0	1
926.0	0	1	0	1
927.0	0	1	0	1
928.0	0	2	0	2
929.0	0	1	0	2
930.0	0	2	0	1
931.0	0	1	0	2
932.0	0	2	0	1
933.0	0	4	0	4
936.0	0	1	0	1
939.0	0	1	0	1
940.0	0	2	0	2
941.0	0	1	0	1
942.0	0	1	0	1
945.0	0	2	0	2
946.0	0	2	0	2
947.0	0	2	0	2
949.0	0	0	0	1
950.0	0	1	0	0
951.0	0	3	0	3
952.0	0	2	0	4
953.0	0	3	0	1
954.0	0	2	0	2
957.0	0	0	0	1
958.0	0	1	0	0
959.0	0	1	0	1
960.0	0	0	0	2
961.0	0	2	0	0
962.0	0	3	0	3
963.0	0	2	0	2
964.0	0	2	0	3
966.0	0	4	0	4
967.0	0	2	0	1
968.0	0	1	0	1
969.0	0	1	0	1
971.0	0	1	0	2
972.0	0	4	0	3
973.0	0	1	0	1
975.0	0	1	0	1
977.0	0	1	0	1
978.0	0	0	0	1
979.0	0	1	0	0
980.0	0	1	0	1
982.0	0	4	0	4
983.0	0	1	0	1
984.0	0	2	0	2
985.0	0	2	0	2
987.0	0	1	0	1
988.0	0	1	0	1
989.0	0	1	0	1
990.0	0	1	0	1
991.0	0	0	0	1
992.0	0	2	0	1
995.0	0	2	0	2
998.0	0	2	0	2
999.0	0	1	0	1
1001.0	0	1	0	1
1002.0	0	1	0	2
1003.0	0	1	0	0
1005.0	0	1	0	1
1006.0	0	2	0	2
1007.0	0	0	0	1
1008.0	0	1	0	0
1009.0	0	1	0	1
1013.0	0	2	0	2
1015.0	0	1	0	1
1016.0	0	2	0	4
1017.0	0	2	0	0
1019.0	0	3	0	3
1020.0	0	0	0	1
1021.0	0	1	0	0
1023.0	0	1	0	1
1024.0	0	1	0	1
1025.0	0	3	0	3
1027.0	0	3	0	3
1029.0	0	1	0	1
1030.0	0	0	0	1
1031.0	0	1	0	0
1032.0	0	2	0	2
1033.0	0	1	0	1
1036.0	0	1	0	1
1038.0	0	0	0	1
1039.0	0	2	0	1
1042.0	0	2	0	2
1043.0	0	3	0	4
1044.0	0	2	0	1
1046.0	0	1	0	1
1047.0	0	1	0	1
1048.0	0	1	0	1
1049.0	0	2	0	2
1050.0	0	1	0	1
1052.0	0	1	0	2
1053.0	0	2	0	1
1054.0	0	1	0	1
1057.0	0	1	0	1
1058.0	0	0	0	1
1059.0	0	2	0	1
1060.0	0	1	0	1
1062.0	0	1	0	1
1064.0	0	1	0	2
1065.0	0	3	0	2
1067.0	0	2	0	2
1068.0	0	1	0	1
1070.0	0	1	0	1
1073.0	0	0	0	2
1074.0	0	2	0	1
1075.0	0	3	0	2
1076.0	0	1	0	1
1077.0	0	2	0	2
1079.0	0	2	0	2
1081.0	0	1	0	1
1083.0	0	1	0	1
1084.0	0	1	0	2
1085.0	0	3	0	2
1087.0	0	2	0	2
1088.0	0	1	0	1
1091.0	0	0	0	1
1092.0	0	1	0	0
1093.0	0	1	0	1
1094.0	0	1	0	1
1096.0	0	0	0	2
1097.0	0	2	0	0
1100.0	0	1	0	1
1103.0	0	1	0	1
1104.0	0	3	0	3
1106.0	0	3	0	3
1107.0	0	1	0	1
1109.0	0	1	0	1
1111.0	0	1	0	1
1116.0	0	2	0	2
1118.0	0	0	0	1
1119.0	0	1	0	0
1120.0	0	2	0	2
1121.0	0	1	0	1
1123.0	0	2	0	2
1125.0	0	3	0	5
1126.0	0	3	0	1
1127.0	0	1	0	1
1130.0	0	1	0	1
1132.0	0	1	0	1
1134.0	0	2	0	3
1135.0	0	1	0	0
1137.0	0	2	0	2
1138.0	0	1	0	1
1139.0	0	2	0	2
1140.0	0	2	0	2
1141.0	0	1	0	1
1142.0	0	1	0	1
1145.0	0	1	0	1
1146.0	0	1	0	1
1147.0	0	1	0	2
1148.0	0	1	0	0
1149.0	0	2	0	3
1150.0	0	1	0	0
1151.0	0	1	0	2
1152.0	0	1	0	0
1156.0	0	1	0	1
1157.0	0	1	0	1
1158.0	0	1	0	1
1162.0	0	1	0	1
1164.0	0	1	0	1
1167.0	0	2	0	2
1169.0	0	1	0	1
1170.0	0	1	0	1
1173.0	0	1	0	1
1175.0	0	1	0	2
1176.0	0	1	0	1
1177.0	0	1	0	0
1178.0	0	0	0	1
1179.0	0	1	0	0
1184.0	0	1	0	1
1187.0	0	2	0	2
1188.0	0	1	0	1
1189.0	0	1	0	1
1190.0	0	1	0	3
1191.0	0	1	0	1
1192.0	0	2	0	0
1196.0	0	1	0	1
1198.0	0	3	0	3
1201.0	0	1	0	1
1202.0	0	1	0	1
1204.0	0	1	0	1
1205.0	0	1	0	1
1206.0	0	1	0	1
1207.0	0	0	0	1
1208.0	0	1	0	0
1210.0	0	1	0	1
1214.0	0	1	0	1
1216.0	0	0	0	2
1217.0	0	2	0	0
1219.0	0	2	0	2
1220.0	0	1	0	1
1222.0	0	1	0	2
1223.0	0	2	0	1
1225.0	0	1	0	1
1226.0	0	0	0	3
1227.0	0	3	0	1
1228.0	0	1	0	0
1238.0	0	1	0	1
1240.0	0	0	0	1
1241.0	0	2	0	1
1242.0	0	0	0	1
1243.0	0	1	0	0
1244.0	0	0	0	2
1245.0	0	2	0	1
1246.0	0	3	0	2
1250.0	0	0	0	1
1251.0	0	1	0	0
1252.0	0	1	0	1
1253.0	0	1	0	1
1254.0	0	1	0	1
1255.0	0	1	0	1
1256.0	0	1	0	1
1262.0	0	1	0	1
1263.0	0	0	0	1
1264.0	0	2	0	1
1266.0	0	1	0	1
1267.0	0	1	0	1
1269.0	0	2	0	3
1270.0	0	1	0	0
1271.0	0	1	0	3
1272.0	0	3	0	1
1273.0	0	1	0	2
1274.0	0	1	0	0
1275.0	0	2	0	2
1277.0	0	1	0	1
1278.0	0	1	0	1
1279.0	0	1	0	1
1280.0	0	1	0	1
1283.0	0	2	0	3
1284.0	0	1	0	0
1285.0	0	1	0	1
1286.0	0	1	0	1
1289.0	0	1	0	1
1292.0	0	1	0	1
1293.0	0	0	0	1
1295.0	0	1	0	0
1300.0	0	2	0	2
1301.0	0	1	0	2
1302.0	0	1	0	0
1303.0	0	1	0	1
1304.0	0	1	0	1
1307.0	0	2	0	2
1318.0	0	1	0	1
1319.0	0	1	0	1
1320.0	0	1	0	1
1322.0	0	1	0	1
1328.0	0	1	0	1
1330.0	0	0	0	1
1331.0	0	1	0	0
1332.0	0	0	0	1
1333.0	0	1	0	0
1334.0	0	1	0	1
1335.0	0	0	0	1
1336.0	0	1	0	0
1337.0	0	1	0	2
1338.0	0	1	0	0
1340.0	0	1	0	1
1341.0	0	1	0	1
1344.0	0	0	0	1
1345.0	0	3	0	2
1347.0	0	1	0	1
1349.0	0	1	0	1
1352.0	0	1	0	1
1353.0	0	1	0	1
1355.0	0	1	0	1
1356.0	0	1	0	2
1357.0	0	1	0	1
1358.0	0	1	0	0
1359.0	0	1	0	2
1360.0	0	1	0	1
1361.0	0	1	0	0
1362.0	0	1	0	2
1363.0	0	1	0	0
1364.0	0	2	0	3
1365.0	0	2	0	2
1367.0	0	1	0	0
1368.0	0	1	0	1
1372.0	0	1	0	1
1374.0	0	0	0	1
1375.0	0	1	0	0
1378.0	0	0	0	1
1379.0	0	1	0	1
1380.0	0	2	0	1
1381.0	0	1	0	1
1383.0	0	2	0	2
1384.0	0	1	0	1
1385.0	0	0	0	1
1387.0	0	1	0	0
1388.0	0	1	0	1
1393.0	0	1	0	1
1396.0	0	2	0	2
1401.0	0	1	0	2
1402.0	0	1	0	0
1405.0	0	1	0	1
1409.0	0	1	0	2
1410.0	0	1	0	0
1411.0	0	1	0	1
1412.0	0	1	0	1
1414.0	0	1	0	1
1416.0	0	1	0	1
1417.0	0	1	0	1
1420.0	0	2	0	2
1422.0	0	1	0	1
1426.0	0	0	0	1
1427.0	0	1	0	0
1433.0	0	0	0	2
1434.0	0	2	0	0
1436.0	0	1	0	1
1441.0	0	0	0	1
1442.0	0	1	0	1
1443.0	0	1	0	0
1446.0	0	2	0	2
1447.0	0	0	0	1
1448.0	0	1	0	0
1451.0	0	1	0	1
1455.0	0	0	0	1
1456.0	0	1	0	0
1457.0	0	1	0	2
1458.0	0	1	0	0
1460.0	0	1	0	1
1462.0	0	1	0	1
1464.0	0	0	0	1
1465.0	0	1	0	1
1466.0	0	1	0	0
1469.0	0	0	0	1
1470.0	0	1	0	1
1471.0	0	1	0	0
1476.0	0	1	0	2
1477.0	0	1	0	0
1480.0	0	1	0	2
1481.0	0	1	0	0
1483.0	0	1	0	1
1486.0	0	1	0	1
1487.0	0	0	0	1
1488.0	0	1	0	0
1493.0	0	0	0	1
1494.0	0	1	0	0
1500.0	0	1	0	1
1501.0	0	1	0	1
1505.0	0	1	0	1
1511.0	0	1	0	1
1513.0	0	0	0	1
1514.0	0	1	0	0
1522.0	0	1	0	1
1524.0	0	1	0	1
1529.0	0	1	0	1
1530.0	0	1	0	1
1533.0	0	1	0	1
1535.0	0	1	0	1
1536.0	0	1	0	1
1539.0	0	2	0	2
1541.0	0	0	0	1
1542.0	0	1	0	1
1543.0	0	1	0	0
1544.0	0	1	0	1
1546.0	0	1	0	1
1549.0	0	1	0	1
1550.0	0	0	0	1
1551.0	0	1	0	0
1552.0	0	0	0	1
1554.0	0	1	0	0
1569.0	0	1	0	1
1576.0	0	0	0	1
1577.0	0	1	0	0
1578.0	0	0	0	1
1579.0	0	3	0	2
1580.0	0	1	0	1
1581.0	0	1	0	1
1590.0	0	1	0	1
1591.0	0	1	0	1
1592.0	0	1	0	2
1593.0	0	1	0	0
1599.0	0	1	0	1
1607.0	0	1	0	1
1609.0	0	0	0	1
1610.0	0	1	0	0
1611.0	0	1	0	1
1616.0	0	1	0	2
1617.0	0	1	0	0
1618.0	0	1	0	1
1619.0	0	1	0	1
1624.0	0	1	0	1
1627.0	0	1	0	1
1628.0	0	2	0	2
1632.0	0	1	0	1
1633.0	0	1	0	1
1638.0	0	0	0	1
1639.0	0	2	0	1
1645.0	0	0	0	1
1647.0	0	2	0	1
1649.0	0	1	0	1
1654.0	0	1	0	1
1656.0	0	1	0	1
1659.0	0	0	0	1
1660.0	0	1	0	1
1661.0	0	1	0	0
1666.0	0	1	0	1
1669.0	0	1	0	1
1671.0	0	1	0	1
1680.0	0	1	0	1
1682.0	0	1	0	1
1693.0	0	0	0	1
1694.0	0	2	0	1
1696.0	0	1	0	1
1697.0	0	1	0	1
1706.0	0	1	0	1
1707.0	0	0	0	1
1708.0	0	1	0	0
1709.0	0	1	0	1
1712.0	0	0	0	2
1713.0	0	2	0	0
1714.0	0	1	0	1
1716.0	0	1	0	1
1726.0	0	1	0	1
1729.0	0	0	0	1
1731.0	0	1	0	0
1732.0	0	0	0	1
1733.0	0	1	0	1
1734.0	0	1	0	0
1737.0	0	1	0	1
1742.0	0	1	0	1
1748.0	0	1	0	1
1749.0	0	1	0	1
1751.0	0	0	0	1
1752.0	0	1	0	0
1755.0	0	1	0	1
1758.0	0	0	0	1
1759.0	0	1	0	0
1763.0	0	1	0	1
1764.0	0	1	0	1
1766.0	0	1	0	1
1767.0	0	1	0	1
1770.0	0	0	0	1
1771.0	0	2	0	2
1772.0	0	1	0	0
1776.0	0	1	0	1
1787.0	0	0	0	1
1788.0	0	1	0	0
1794.0	0	0	0	1
1795.0	0	1	0	0
1796.0	0	1	0	1
1799.0	0	0	0	1
1800.0	0	1	0	0
1806.0	0	1	0	1
1817.0	0	1	0	1
1823.0	0	0	0	1
1824.0	0	1	0	0
1827.0	0	1	0	1
1837.0	0	0	0	1
1838.0	0	2	0	1
1839.0	0	0	0	1
1840.0	0	1	0	0
1852.0	0	0	0	1
1853.0	0	1	0	0
1857.0	0	1	0	1
1858.0	0	0	0	1
1859.0	0	1	0	0
1875.0	0	0	0	1
1876.0	0	1	0	0
1881.0	0	0	0	2
1882.0	0	2	0	0
1883.0	0	1	0	1
1884.0	0	0	0	2
1885.0	0	2	0	0
1886.0	0	1	0	1
1890.0	0	0	0	2
1891.0	0	2	0	0
1906.0	0	1	0	2
1911.0	0	1	0	0
1913.0	0	0	0	1
1916.0	0	1	0	0
1917.0	0	1	0	1
1924.0	0	0	0	1
1925.0	0	1	0	0
1934.0	0	0	0	1
1936.0	0	1	0	0
1937.0	0	1	0	1
1938.0	0	1	0	1
1940.0	0	1	0	1
1943.0	0	0	0	1
1944.0	0	1	0	0
1963.0	0	0	0	1
1964.0	0	1	0	0
1965.0	0	1	0	1
1967.0	0	0	0	1
1968.0	0	1	0	0
1970.0	0	0	0	1
1971.0	0	1	0	0
1975.0	0	0	0	1
1976.0	0	0	0	1
1977.0	0	1	0	0
1978.0	0	1	0	0
1983.0	0	0	0	1
1985.0	0	1	0	0
1994.0	0	1	0	1
2000.0	0	0	0	1
2001.0	0	2	0	1
2007.0	0	1	0	1
2027.0	0	0	0	1
2029.0	0	1	0	0
2036.0	0	1	0	2
2037.0	0	1	0	1
2038.0	0	2	0	1
2046.0	0	1	0	1
2056.0	0	1	0	1
2077.0	0	0	0	1
2079.0	0	1	0	0
2080.0	0	1	0	1
2085.0	0	1	0	1
2107.0	0	1	0	1
2112.0	0	1	0	1
2114.0	0	0	0	1
2115.0	0	1	0	1
2118.0	0	1	0	0
2123.0	0	1	0	1
2124.0	0	0	0	1
2126.0	0	1	0	0
2127.0	0	0	0	1
2129.0	0	1	0	0
2134.0	0	0	0	1
2135.0	0	1	0	0
2139.0	0	1	0	1
2146.0	0	1	0	1
2147.0	0	1	0	2
2148.0	0	1	0	0
2163.0	0	0	0	1
2164.0	0	1	0	0
2169.0	0	0	0	1
2172.0	0	1	0	0
2174.0	0	0	0	1
2175.0	0	1	0	0
2184.0	0	2	0	3
2185.0	0	1	0	0
2190.0	0	1	0	2
2191.0	0	1	0	0
2193.0	0	0	0	1
2194.0	0	1	0	0
2210.0	0	1	0	1
2223.0	0	0	0	1
2224.0	0	1	0	0
2228.0	0	0	0	1
2229.0	0	1	0	0
2254.0	0	1	0	1
2264.0	0	1	0	1
2269.0	0	2	0	2
2273.0	0	0	0	1
2275.0	0	1	0	0
2277.0	0	1	0	1
2296.0	0	0	0	1
2298.0	0	1	0	0
2306.0	0	1	0	1
2314.0	0	0	0	2
2316.0	0	2	0	0
2333.0	0	0	0	1
2334.0	0	1	0	0
2356.0	0	0	0	1
2358.0	0	1	0	0
2360.0	0	0	0	1
2362.0	0	1	0	0
2396.0	0	0	0	1
2397.0	0	1	0	0
2406.0	0	0	0	1
2407.0	0	1	0	0
2420.0	0	1	0	1
2428.0	0	0	0	1
2429.0	0	2	0	1
2444.0	0	0	0	1
2446.0	0	1	0	0
2452.0	0	1	0	1
2455.0	0	1	0	1
2464.0	0	0	0	1
2466.0	0	1	0	0
2474.0	0	0	0	1
2475.0	0	1	0	0
2483.0	0	0	0	1
2484.0	0	1	0	0
2495.0	0	0	0	1
2498.0	0	1	0	0
2505.0	0	0	0	1
2506.0	0	1	0	0
2516.0	0	0	0	1
2517.0	0	1	0	0
2524.0	0	0	0	1
2525.0	0	1	0	0
2535.0	0	0	0	1
2538.0	0	1	0	1
2541.0	0	1	0	0
2551.0	0	0	0	1
2553.0	0	1	0	0
2563.0	0	1	0	1
2596.0	0	1	0	1
2605.0	0	0	0	1
2607.0	0	1	0	0
2609.0	0	1	0	1
2646.0	0	0	0	1
2647.0	0	1	0	0
2648.0	0	0	0	1
2650.0	0	1	0	0
2656.0	0	0	0	1
2660.0	0	1	0	0
2661.0	0	0	0	1
2664.0	0	1	0	0
2673.0	0	0	0	1
2675.0	0	1	0	1
2678.0	0	1	0	0
2686.0	0	0	0	1
2687.0	0	1	0	0
2699.0	0	1	0	1
2726.0	0	1	0	1
2729.0	0	0	0	1
2730.0	0	1	0	0
2733.0	0	0	0	1
2736.0	0	1	0	0
2758.0	0	1	0	1
2823.0	0	0	0	1
2824.0	0	1	0	0
2825.0	0	0	0	1
2826.0	0	1	0	1
2827.0	0	1	0	0
2831.0	0	0	0	1
2832.0	0	1	0	0
2841.0	0	0	0	1
2843.0	0	1	0	1
2844.0	0	0	0	1
2845.0	0	2	0	0
2847.0	0	0	0	1
2848.0	0	1	0	0
2869.0	0	1	0	1
2872.0	0	0	0	1
2875.0	0	1	0	0
2886.0	0	0	0	1
2888.0	0	1	0	0
2901.0	0	0	0	1
2905.0	0	1	0	0
2948.0	0	1	0	1
2959.0	0	1	0	1
2970.0	0	0	0	1
2973.0	0	1	0	0
2977.0	0	1	0	1
2989.0	0	0	0	1
2992.0	0	1	0	0
3014.0	0	1	0	1
3022.0	0	0	0	1
3024.0	0	1	0	1
3026.0	0	1	0	0
3029.0	0	0	0	1
3031.0	0	1	0	0
3043.0	0	0	0	1
3044.0	0	1	0	0
3064.0	0	0	0	1
3067.0	0	1	0	0
3079.0	0	1	0	1
3097.0	0	0	0	1
3098.0	0	1	0	0
3110.0	0	1	0	1
3115.0	0	1	0	1
3125.0	0	0	0	1
3127.0	0	1	0	0
3131.0	0	1	0	1
3137.0	0	1	0	1
3146.0	0	0	0	1
3148.0	0	1	0	0
3149.0	0	0	0	1
3150.0	0	1	0	0
3165.0	0	0	0	1
3166.0	0	1	0	0
3172.0	0	0	0	1
3174.0	0	1	0	0
3183.0	0	0	0	1
3187.0	0	1	0	0
3197.0	0	1	0	1
3223.0	0	0	0	1
3225.0	0	1	0	0
3283.0	0	0	0	1
3284.0	0	0	0	1
3285.0	0	1	0	0
3287.0	0	2	0	1
3293.0	0	0	0	1
3295.0	0	1	0	0
3326.0	0	0	0	1
3328.0	0	1	0	0
3364.0	0	0	0	1
3368.0	0	1	0	0
3432.0	0	0	0	1
3436.0	0	1	0	0
3441.0	0	0	0	1
3443.0	0	1	0	0
3451.0	0	0	0	1
3453.0	0	1	0	0
3477.0	0	0	0	1
3478.0	0	1	0	0
3528.0	0	0	0	1
3529.0	0	1	0	0
3573.0	0	0	0	1
3576.0	0	1	0	0
3596.0	0	0	0	2
3598.0	0	1	0	0
3599.0	0	1	0	0
3614.0	0	0	0	1
3615.0	0	1	0	0
3626.0	0	0	0	1
3628.0	0	1	0	0
3667.0	0	0	0	1
3670.0	0	1	0	0
3673.0	0	0	0	1
3675.0	0	1	0	0
3732.0	0	1	0	1
3737.0	0	0	0	1
3743.0	0	1	0	0
3764.0	0	1	0	1
3771.0	0	0	0	1
3772.0	0	0	0	1
3774.0	0	1	0	0
3775.0	0	1	0	0
3802.0	0	0	0	1
3804.0	0	1	0	0
3848.0	0	0	0	1
3850.0	0	1	0	0
4121.0	0	0	0	1
4123.0	0	1	0	0
4132.0	0	0	0	1
4133.0	0	1	0	0
4217.0	0	0	0	1
4219.0	0	1	0	0
4334.0	0	0	0	1
4339.0	0	1	0	0
4430.0	0	0	0	1
4436.0	0	1	0	0
4771.0	0	1	0	1
4792.0	0	0	0	1
4793.0	0	1	0	0
4860.0	0	0	0	1
4865.0	0	1	0	0
4880.0	0	0	0	1
4882.0	0	0	0	1
4883.0	0	1	0	0
4884.0	0	1	0	0
5263.0	0	0	0	1
5266.0	0	1	0	0
5302.0	0	0	0	1
5306.0	0	1	0	1
5312.0	0	1	0	0
5465.0	0	0	0	1
5467.0	0	0	0	1
5471.0	0	1	0	0
5476.0	0	1	0	0
5525.0	0	0	0	1
5532.0	0	1	0	0
5658.0	0	0	0	1
5660.0	0	1	0	0
5861.0	0	0	0	1
5866.0	0	1	0	0
5872.0	0	0	0	1
5881.0	0	1	0	0
5957.0	0	0	0	1
5959.0	0	1	0	0
6091.0	0	0	0	1
6099.0	0	1	0	0
6110.0	0	0	0	1
6115.0	0	1	0	0
6155.0	0	0	0	1
6161.0	0	1	0	0
6476.0	0	0	0	1
6483.0	0	1	0	0
6623.0	0	0	0	1
6631.0	0	1	0	0
7123.0	0	0	0	1
7126.0	0	1	0	0
7808.0	0	0	0	1
7819.0	0	1	0	0
8460.0	0	0	0	1
8469.0	0	1	0	0
8477.0	0	0	0	1
8487.0	0	1	0	0
9467.0	0	0	0	1
9487.0	0	1	0	0
13632.0	0	0	0	1
13660.0	0	1	0	0
17997.0	0	0	0	1
18055.0	0	1	0	0

