## htsjdk.samtools.metrics.StringHeader
# MarkDuplicates --INPUT /home/smit1924/preeclampsia_sex_chromosome_informed/clearBoxRawData/bamFiles/STP_0148_T_S10_GRCh38_Aligned.sortedByCoord.out.bam --OUTPUT /home/smit1924/preeclampsia_sex_chromosome_informed/clearBoxRawData/bamFiles/deduplicated_data/STP0148_marked_duplicates.bam --METRICS_FILE /home/smit1924/preeclampsia_sex_chromosome_informed/clearBoxRawData/bamFiles/deduplicated_data/STP0148_mark_dup_metrics.txt --REMOVE_DUPLICATES true --MAX_SEQUENCES_FOR_DISK_READ_ENDS_MAP 50000 --MAX_FILE_HANDLES_FOR_READ_ENDS_MAP 8000 --SORTING_COLLECTION_SIZE_RATIO 0.25 --TAG_DUPLICATE_SET_MEMBERS false --REMOVE_SEQUENCING_DUPLICATES false --TAGGING_POLICY DontTag --CLEAR_DT true --DUPLEX_UMI false --FLOW_MODE false --FLOW_QUALITY_SUM_STRATEGY false --USE_END_IN_UNPAIRED_READS false --USE_UNPAIRED_CLIPPED_END false --UNPAIRED_END_UNCERTAINTY 0 --FLOW_SKIP_FIRST_N_FLOWS 0 --FLOW_Q_IS_KNOWN_END false --FLOW_EFFECTIVE_QUALITY_THRESHOLD 15 --ADD_PG_TAG_TO_READS true --ASSUME_SORTED false --DUPLICATE_SCORING_STRATEGY SUM_OF_BASE_QUALITIES --PROGRAM_RECORD_ID MarkDuplicates --PROGRAM_GROUP_NAME MarkDuplicates --READ_NAME_REGEX <optimized capture of last three ':' separated fields as numeric values> --OPTICAL_DUPLICATE_PIXEL_DISTANCE 100 --MAX_OPTICAL_DUPLICATE_SET_SIZE 300000 --VERBOSITY INFO --QUIET false --VALIDATION_STRINGENCY STRICT --COMPRESSION_LEVEL 5 --MAX_RECORDS_IN_RAM 500000 --CREATE_INDEX false --CREATE_MD5_FILE false --help false --version false --showHidden false --USE_JDK_DEFLATER false --USE_JDK_INFLATER false
## htsjdk.samtools.metrics.StringHeader
# Started on: Tue Apr 16 12:59:20 ACST 2024

## METRICS CLASS	picard.sam.DuplicationMetrics
LIBRARY	UNPAIRED_READS_EXAMINED	READ_PAIRS_EXAMINED	SECONDARY_OR_SUPPLEMENTARY_RDS	UNMAPPED_READS	UNPAIRED_READ_DUPLICATES	READ_PAIR_DUPLICATES	READ_PAIR_OPTICAL_DUPLICATES	PERCENT_DUPLICATION	ESTIMATED_LIBRARY_SIZE
library	0	46346222	38653186	0	0	26759698	10318	0.577387	22428008

## HISTOGRAM	java.lang.Double
BIN	CoverageMult	all_sets	optical_sets	non_optical_sets
1.0	1.000067	16730544	0	16730785
2.0	1.12671	1677543	1788	1677356
3.0	1.142748	416124	258	416084
4.0	1.144779	186405	123	186397
5.0	1.145036	107980	79	107980
6.0	1.145069	70848	52	70847
7.0	1.145073	50790	23	50791
8.0	1.145073	38008	15	38003
9.0	1.145073	29644	13	29649
10.0	1.145073	24016	22	24013
11.0	1.145073	19874	12	19873
12.0	1.145073	16597	19	16596
13.0	1.145073	14073	13	14073
14.0	1.145073	12304	15	12305
15.0	1.145073	10815	9	10816
16.0	1.145073	9484	7	9484
17.0	1.145073	8489	3	8488
18.0	1.145073	7514	4	7517
19.0	1.145073	6687	2	6683
20.0	1.145073	6248	3	6248
21.0	1.145073	5638	4	5640
22.0	1.145073	5326	4	5326
23.0	1.145073	4791	10	4790
24.0	1.145073	4439	1	4441
25.0	1.145073	4052	2	4049
26.0	1.145073	3752	1	3753
27.0	1.145073	3532	2	3533
28.0	1.145073	3386	2	3383
29.0	1.145073	3108	2	3108
30.0	1.145073	2933	0	2936
31.0	1.145073	2813	1	2812
32.0	1.145073	2683	0	2682
33.0	1.145073	2468	2	2469
34.0	1.145073	2425	1	2425
35.0	1.145073	2164	1	2165
36.0	1.145073	2140	2	2137
37.0	1.145073	2026	0	2027
38.0	1.145073	1991	0	1992
39.0	1.145073	1807	1	1806
40.0	1.145073	1752	1	1751
41.0	1.145073	1724	2	1726
42.0	1.145073	1613	0	1612
43.0	1.145073	1520	2	1520
44.0	1.145073	1473	0	1475
45.0	1.145073	1391	0	1391
46.0	1.145073	1286	0	1284
47.0	1.145073	1279	1	1278
48.0	1.145073	1209	1	1210
49.0	1.145073	1221	0	1221
50.0	1.145073	1110	1	1111
51.0	1.145073	1106	1	1105
52.0	1.145073	1077	0	1077
53.0	1.145073	1038	1	1038
54.0	1.145073	1018	1	1019
55.0	1.145073	982	0	981
56.0	1.145073	970	0	969
57.0	1.145073	968	0	968
58.0	1.145073	912	2	912
59.0	1.145073	798	0	799
60.0	1.145073	877	1	878
61.0	1.145073	832	0	830
62.0	1.145073	845	0	845
63.0	1.145073	766	0	766
64.0	1.145073	749	3	749
65.0	1.145073	727	1	730
66.0	1.145073	726	0	724
67.0	1.145073	664	1	663
68.0	1.145073	664	0	667
69.0	1.145073	618	1	615
70.0	1.145073	633	2	633
71.0	1.145073	624	0	624
72.0	1.145073	585	0	585
73.0	1.145073	606	2	607
74.0	1.145073	544	0	545
75.0	1.145073	548	1	548
76.0	1.145073	522	0	521
77.0	1.145073	556	0	556
78.0	1.145073	521	0	522
79.0	1.145073	525	0	526
80.0	1.145073	511	0	509
81.0	1.145073	489	2	489
82.0	1.145073	501	0	500
83.0	1.145073	483	0	484
84.0	1.145073	459	0	459
85.0	1.145073	450	0	449
86.0	1.145073	451	0	451
87.0	1.145073	435	0	436
88.0	1.145073	425	0	425
89.0	1.145073	387	1	386
90.0	1.145073	369	1	371
91.0	1.145073	383	1	383
92.0	1.145073	374	0	373
93.0	1.145073	384	0	385
94.0	1.145073	384	0	384
95.0	1.145073	357	1	356
96.0	1.145073	351	0	351
97.0	1.145073	339	0	339
98.0	1.145073	375	0	375
99.0	1.145073	359	1	362
100.0	1.145073	330	0	326
101.0	0	319	0	321
102.0	0	325	0	325
103.0	0	309	0	307
104.0	0	316	0	317
105.0	0	291	0	291
106.0	0	318	0	320
107.0	0	293	0	292
108.0	0	273	1	271
109.0	0	275	1	276
110.0	0	284	0	284
111.0	0	283	0	282
112.0	0	279	0	280
113.0	0	297	0	296
114.0	0	274	1	275
115.0	0	261	0	262
116.0	0	241	0	239
117.0	0	262	0	262
118.0	0	217	0	219
119.0	0	228	0	226
120.0	0	214	0	215
121.0	0	242	0	241
122.0	0	219	0	220
123.0	0	245	0	246
124.0	0	234	0	232
125.0	0	231	0	231
126.0	0	219	0	220
127.0	0	192	0	191
128.0	0	185	0	186
129.0	0	219	0	218
130.0	0	212	0	214
131.0	0	188	0	190
132.0	0	177	0	173
133.0	0	160	0	162
134.0	0	191	0	192
135.0	0	173	0	171
136.0	0	204	0	203
137.0	0	165	1	166
138.0	0	170	1	171
139.0	0	197	0	196
140.0	0	184	0	184
141.0	0	186	0	186
142.0	0	170	0	171
143.0	0	174	0	172
144.0	0	143	0	144
145.0	0	153	1	152
146.0	0	175	0	177
147.0	0	149	0	147
148.0	0	156	0	157
149.0	0	167	0	168
150.0	0	157	0	156
151.0	0	154	0	154
152.0	0	164	0	163
153.0	0	159	0	159
154.0	0	146	0	146
155.0	0	144	1	144
156.0	0	161	0	161
157.0	0	136	0	137
158.0	0	160	0	159
159.0	0	154	0	155
160.0	0	140	0	141
161.0	0	135	0	134
162.0	0	128	1	128
163.0	0	129	0	129
164.0	0	140	0	139
165.0	0	139	0	139
166.0	0	132	0	132
167.0	0	108	0	109
168.0	0	122	0	123
169.0	0	131	0	129
170.0	0	117	0	118
171.0	0	130	0	130
172.0	0	99	0	99
173.0	0	120	0	120
174.0	0	122	0	121
175.0	0	131	0	131
176.0	0	106	0	106
177.0	0	107	0	107
178.0	0	110	0	112
179.0	0	120	0	118
180.0	0	100	0	102
181.0	0	109	0	108
182.0	0	105	0	105
183.0	0	98	0	97
184.0	0	106	0	107
185.0	0	101	0	103
186.0	0	115	0	114
187.0	0	114	0	112
188.0	0	106	0	106
189.0	0	85	0	85
190.0	0	95	0	95
191.0	0	88	0	90
192.0	0	106	0	104
193.0	0	104	0	104
194.0	0	117	0	117
195.0	0	81	0	81
196.0	0	112	0	113
197.0	0	90	0	89
198.0	0	82	0	82
199.0	0	78	0	78
200.0	0	85	0	85
201.0	0	88	0	90
202.0	0	81	0	80
203.0	0	87	0	86
204.0	0	87	0	89
205.0	0	72	0	70
206.0	0	79	0	81
207.0	0	91	0	90
208.0	0	92	0	92
209.0	0	94	0	94
210.0	0	102	0	101
211.0	0	90	0	90
212.0	0	82	0	83
213.0	0	72	0	73
214.0	0	83	0	82
215.0	0	69	0	70
216.0	0	74	0	74
217.0	0	58	0	56
218.0	0	79	0	79
219.0	0	73	0	74
220.0	0	73	0	73
221.0	0	80	0	79
222.0	0	89	0	89
223.0	0	81	0	81
224.0	0	58	0	61
225.0	0	78	0	76
226.0	0	66	0	66
227.0	0	69	0	70
228.0	0	68	0	67
229.0	0	63	0	65
230.0	0	61	0	59
231.0	0	61	0	60
232.0	0	72	0	73
233.0	0	72	0	73
234.0	0	74	0	73
235.0	0	67	0	67
236.0	0	59	0	60
237.0	0	61	0	59
238.0	0	68	0	69
239.0	0	67	0	67
240.0	0	70	0	69
241.0	0	75	0	76
242.0	0	65	0	64
243.0	0	80	0	81
244.0	0	71	0	70
245.0	0	63	0	63
246.0	0	54	0	54
247.0	0	67	0	67
248.0	0	66	0	67
249.0	0	71	0	73
250.0	0	51	0	49
251.0	0	55	0	56
252.0	0	79	0	78
253.0	0	59	0	59
254.0	0	63	0	62
255.0	0	52	0	53
256.0	0	53	0	52
257.0	0	51	0	51
258.0	0	57	0	57
259.0	0	50	0	50
260.0	0	48	0	49
261.0	0	47	0	47
262.0	0	53	0	53
263.0	0	51	0	50
264.0	0	66	0	68
265.0	0	58	0	57
266.0	0	59	0	60
267.0	0	42	0	42
268.0	0	64	0	63
269.0	0	48	0	48
270.0	0	48	0	48
271.0	0	52	0	51
272.0	0	57	0	58
273.0	0	52	0	52
274.0	0	46	0	46
275.0	0	49	0	49
276.0	0	58	0	60
277.0	0	57	0	54
278.0	0	46	0	46
279.0	0	48	0	49
280.0	0	39	0	39
281.0	0	43	0	42
282.0	0	50	0	50
283.0	0	52	0	53
284.0	0	44	0	43
285.0	0	43	0	44
286.0	0	56	0	55
287.0	0	47	0	47
288.0	0	47	0	47
289.0	0	49	0	50
290.0	0	55	0	56
291.0	0	53	0	51
292.0	0	42	0	43
293.0	0	38	0	39
294.0	0	56	0	57
295.0	0	30	0	27
296.0	0	29	0	29
297.0	0	41	0	42
298.0	0	42	0	41
299.0	0	46	0	48
300.0	0	45	0	44
301.0	0	43	0	42
302.0	0	24	0	25
303.0	0	36	0	35
304.0	0	39	0	39
305.0	0	45	0	45
306.0	0	32	0	32
307.0	0	41	0	41
308.0	0	45	0	45
309.0	0	42	0	43
310.0	0	39	0	38
311.0	0	45	0	46
312.0	0	37	0	37
313.0	0	30	0	29
314.0	0	32	0	33
315.0	0	45	0	45
316.0	0	37	0	36
317.0	0	40	0	40
318.0	0	40	0	40
319.0	0	35	0	36
320.0	0	30	0	30
321.0	0	35	0	35
322.0	0	42	0	43
323.0	0	34	0	32
324.0	0	33	0	33
325.0	0	27	0	27
326.0	0	30	0	32
327.0	0	34	0	34
328.0	0	37	0	37
329.0	0	32	0	31
330.0	0	36	0	35
331.0	0	35	0	38
332.0	0	32	0	31
333.0	0	24	0	24
334.0	0	32	0	30
335.0	0	43	0	45
336.0	0	39	0	40
337.0	0	30	0	29
338.0	0	34	0	32
339.0	0	26	0	26
340.0	0	24	0	24
341.0	0	37	0	37
342.0	0	34	0	35
343.0	0	29	0	29
344.0	0	41	0	41
345.0	0	26	0	25
346.0	0	32	0	33
347.0	0	39	0	40
348.0	0	43	0	43
349.0	0	30	0	29
350.0	0	34	0	35
351.0	0	31	0	30
352.0	0	22	0	21
353.0	0	23	0	24
354.0	0	39	0	39
355.0	0	26	0	26
356.0	0	27	0	26
357.0	0	30	0	30
358.0	0	32	0	33
359.0	0	36	0	37
360.0	0	31	0	29
361.0	0	20	0	21
362.0	0	34	0	33
363.0	0	24	0	25
364.0	0	30	0	30
365.0	0	37	1	37
366.0	0	27	0	26
367.0	0	35	0	36
368.0	0	25	0	24
369.0	0	23	0	23
370.0	0	26	0	27
371.0	0	24	0	24
372.0	0	25	0	25
373.0	0	31	0	30
374.0	0	21	0	21
375.0	0	22	0	22
376.0	0	25	0	26
377.0	0	31	0	30
378.0	0	39	0	40
379.0	0	38	1	39
380.0	0	25	0	25
381.0	0	30	0	30
382.0	0	24	0	23
383.0	0	20	0	20
384.0	0	26	0	25
385.0	0	24	0	25
386.0	0	30	0	29
387.0	0	35	0	37
388.0	0	27	0	27
389.0	0	28	0	27
390.0	0	24	0	26
391.0	0	31	0	28
392.0	0	29	0	29
393.0	0	29	0	30
394.0	0	33	0	33
395.0	0	21	0	20
396.0	0	28	0	29
397.0	0	14	0	13
398.0	0	28	0	29
399.0	0	25	0	24
400.0	0	25	0	27
401.0	0	30	0	29
402.0	0	26	0	25
403.0	0	17	0	18
404.0	0	18	0	18
405.0	0	19	0	19
406.0	0	24	0	24
407.0	0	15	0	15
408.0	0	17	0	17
409.0	0	20	0	20
410.0	0	29	0	28
411.0	0	22	0	24
412.0	0	19	0	17
413.0	0	31	0	32
414.0	0	12	0	12
415.0	0	18	0	18
416.0	0	18	0	17
417.0	0	28	0	28
418.0	0	16	0	17
419.0	0	34	0	35
420.0	0	19	0	19
421.0	0	13	0	12
422.0	0	18	0	18
423.0	0	28	0	27
424.0	0	23	0	23
425.0	0	17	0	19
426.0	0	20	0	19
427.0	0	30	0	33
428.0	0	23	0	19
429.0	0	18	0	20
430.0	0	24	0	23
431.0	0	27	0	27
432.0	0	27	0	26
433.0	0	22	0	22
434.0	0	23	0	23
435.0	0	21	0	23
436.0	0	21	0	19
437.0	0	16	0	17
438.0	0	16	0	16
439.0	0	11	0	11
440.0	0	20	0	20
441.0	0	27	0	26
442.0	0	19	0	19
443.0	0	19	0	19
444.0	0	19	0	19
445.0	0	17	0	18
446.0	0	24	0	25
447.0	0	15	0	13
448.0	0	16	0	17
449.0	0	22	0	23
450.0	0	23	0	22
451.0	0	12	0	11
452.0	0	13	0	14
453.0	0	15	0	14
454.0	0	14	0	14
455.0	0	16	0	17
456.0	0	21	0	21
457.0	0	18	0	17
458.0	0	16	0	17
459.0	0	18	0	20
460.0	0	19	0	16
461.0	0	18	0	19
462.0	0	18	0	17
463.0	0	14	0	16
464.0	0	16	0	15
465.0	0	24	0	24
466.0	0	17	0	16
467.0	0	17	0	17
468.0	0	12	0	12
469.0	0	25	0	27
470.0	0	16	0	16
471.0	0	21	0	20
472.0	0	18	0	18
473.0	0	20	0	19
474.0	0	24	0	24
475.0	0	4	0	5
476.0	0	12	0	11
477.0	0	18	0	19
478.0	0	24	0	24
479.0	0	12	0	13
480.0	0	22	0	22
481.0	0	13	0	11
482.0	0	13	0	13
483.0	0	17	0	19
484.0	0	26	0	25
485.0	0	16	0	17
486.0	0	20	0	18
487.0	0	20	0	21
488.0	0	17	0	16
489.0	0	22	0	22
490.0	0	19	0	19
491.0	0	16	0	17
492.0	0	19	0	18
493.0	0	12	0	14
494.0	0	14	0	14
495.0	0	13	0	11
496.0	0	5	0	7
497.0	0	16	0	14
498.0	0	19	0	19
499.0	0	14	0	14
500.0	0	11	0	12
501.0	0	20	0	19
502.0	0	11	0	12
503.0	0	13	0	13
504.0	0	13	0	12
505.0	0	13	0	13
506.0	0	11	0	12
507.0	0	19	0	19
508.0	0	15	0	14
509.0	0	13	0	13
510.0	0	10	0	11
511.0	0	14	0	14
512.0	0	14	0	13
513.0	0	8	0	9
514.0	0	22	0	21
515.0	0	10	0	10
516.0	0	9	0	10
517.0	0	15	0	15
518.0	0	16	0	15
519.0	0	9	0	12
520.0	0	21	0	19
521.0	0	18	0	17
522.0	0	10	0	11
523.0	0	12	0	11
524.0	0	16	0	16
525.0	0	10	0	11
526.0	0	9	0	9
527.0	0	16	0	15
528.0	0	9	0	10
529.0	0	17	0	16
530.0	0	7	0	9
531.0	0	20	0	21
532.0	0	19	0	16
533.0	0	15	0	16
534.0	0	14	0	13
535.0	0	7	0	8
536.0	0	15	0	14
537.0	0	14	0	15
538.0	0	18	0	18
539.0	0	14	0	13
540.0	0	17	0	17
541.0	0	9	0	10
542.0	0	15	0	16
543.0	0	16	0	15
544.0	0	10	0	9
545.0	0	14	0	14
546.0	0	12	0	12
547.0	0	14	0	14
548.0	0	8	0	8
549.0	0	10	0	10
550.0	0	17	0	19
551.0	0	11	0	9
552.0	0	12	0	14
553.0	0	11	0	10
554.0	0	13	0	12
555.0	0	11	0	11
556.0	0	12	0	12
557.0	0	10	0	11
558.0	0	14	0	15
559.0	0	11	0	11
560.0	0	20	0	19
561.0	0	12	0	12
562.0	0	11	0	10
563.0	0	15	0	15
564.0	0	9	0	10
565.0	0	10	0	12
566.0	0	18	0	16
567.0	0	15	0	15
568.0	0	11	0	10
569.0	0	11	0	12
570.0	0	16	0	15
571.0	0	10	0	13
572.0	0	11	0	8
573.0	0	14	0	14
574.0	0	14	0	14
575.0	0	8	0	8
576.0	0	14	0	14
577.0	0	7	0	8
578.0	0	10	0	9
579.0	0	13	0	14
580.0	0	12	0	13
581.0	0	12	0	10
582.0	0	8	0	10
583.0	0	10	0	8
584.0	0	13	0	15
585.0	0	11	0	9
586.0	0	4	0	5
587.0	0	10	0	9
588.0	0	14	0	14
589.0	0	13	0	14
590.0	0	12	0	11
591.0	0	10	0	10
592.0	0	10	0	11
593.0	0	11	0	11
594.0	0	12	0	12
595.0	0	12	0	11
596.0	0	12	0	15
597.0	0	13	0	11
598.0	0	9	0	11
599.0	0	14	0	11
600.0	0	9	0	12
601.0	0	16	0	14
602.0	0	16	0	16
603.0	0	14	0	13
604.0	0	14	0	15
605.0	0	7	0	6
606.0	0	5	0	5
607.0	0	6	0	7
608.0	0	10	0	10
609.0	0	12	0	14
610.0	0	7	0	6
611.0	0	11	0	10
612.0	0	10	0	9
613.0	0	6	0	8
614.0	0	14	0	12
615.0	0	8	0	9
616.0	0	12	0	12
617.0	0	11	0	10
618.0	0	10	0	10
619.0	0	12	0	13
620.0	0	7	0	6
621.0	0	6	0	7
622.0	0	8	0	7
623.0	0	8	0	10
624.0	0	18	0	18
625.0	0	6	0	5
626.0	0	10	0	9
627.0	0	17	0	19
628.0	0	8	0	6
629.0	0	8	0	8
630.0	0	7	0	7
631.0	0	8	0	9
632.0	0	6	0	6
633.0	0	7	0	6
634.0	0	11	0	13
635.0	0	14	0	14
636.0	0	16	0	15
637.0	0	10	0	10
638.0	0	6	0	5
639.0	0	13	0	13
640.0	0	12	0	15
641.0	0	9	0	8
642.0	0	12	0	11
643.0	0	3	0	4
644.0	0	10	0	11
645.0	0	14	0	12
646.0	0	8	0	7
647.0	0	11	0	11
648.0	0	11	0	11
649.0	0	12	0	12
650.0	0	11	0	13
651.0	0	13	0	11
652.0	0	7	0	8
653.0	0	9	0	10
654.0	0	10	0	9
655.0	0	6	0	7
656.0	0	9	0	9
657.0	0	7	1	5
658.0	0	11	0	11
659.0	0	10	0	10
660.0	0	10	0	13
661.0	0	16	0	16
662.0	0	14	0	13
663.0	0	17	0	16
664.0	0	8	0	7
665.0	0	5	0	6
666.0	0	8	0	8
667.0	0	7	0	7
668.0	0	5	0	4
669.0	0	9	0	10
670.0	0	9	0	10
671.0	0	7	0	6
672.0	0	10	0	9
673.0	0	8	0	8
674.0	0	8	0	9
675.0	0	9	0	8
676.0	0	11	0	12
677.0	0	6	0	5
678.0	0	13	0	13
679.0	0	9	0	10
680.0	0	9	0	8
681.0	0	4	0	5
682.0	0	10	0	9
683.0	0	11	0	11
684.0	0	7	0	8
685.0	0	15	0	16
686.0	0	13	0	13
687.0	0	6	0	6
688.0	0	11	0	11
689.0	0	8	0	6
690.0	0	9	0	11
691.0	0	11	0	10
692.0	0	7	0	7
693.0	0	7	0	7
694.0	0	14	0	13
695.0	0	9	0	10
696.0	0	3	0	3
697.0	0	7	0	6
698.0	0	9	0	11
699.0	0	7	0	8
700.0	0	7	0	5
701.0	0	7	0	6
702.0	0	3	0	5
703.0	0	7	0	5
704.0	0	6	0	8
705.0	0	12	0	12
706.0	0	12	0	11
707.0	0	8	0	7
708.0	0	10	0	10
709.0	0	13	0	13
710.0	0	8	0	8
711.0	0	10	0	11
712.0	0	11	0	15
713.0	0	12	0	8
714.0	0	8	0	7
715.0	0	7	0	7
716.0	0	11	0	11
717.0	0	6	0	6
718.0	0	4	0	4
719.0	0	7	0	8
720.0	0	6	0	6
721.0	0	10	0	9
722.0	0	11	0	11
723.0	0	4	0	4
724.0	0	9	0	9
725.0	0	2	0	2
726.0	0	6	0	6
727.0	0	7	0	7
728.0	0	10	0	10
729.0	0	9	0	9
730.0	0	10	0	10
731.0	0	5	0	5
732.0	0	3	0	3
733.0	0	3	0	4
734.0	0	9	0	9
735.0	0	6	0	5
736.0	0	5	0	5
737.0	0	10	0	10
738.0	0	3	0	5
739.0	0	6	0	5
740.0	0	6	0	5
741.0	0	7	0	9
742.0	0	7	0	8
743.0	0	10	0	8
744.0	0	5	0	4
745.0	0	4	0	7
746.0	0	7	0	5
747.0	0	10	0	11
748.0	0	7	0	5
749.0	0	5	0	6
750.0	0	3	0	2
751.0	0	8	0	8
752.0	0	8	0	8
753.0	0	3	0	4
754.0	0	10	0	11
755.0	0	7	0	5
756.0	0	10	0	10
757.0	0	8	0	10
758.0	0	9	0	7
759.0	0	6	0	6
760.0	0	4	0	4
761.0	0	6	0	6
762.0	0	5	0	7
763.0	0	6	0	5
764.0	0	4	0	4
765.0	0	8	0	7
766.0	0	8	0	8
767.0	0	3	0	3
768.0	0	9	0	11
769.0	0	11	0	10
770.0	0	4	0	4
771.0	0	8	0	8
772.0	0	3	0	2
773.0	0	5	0	7
774.0	0	9	0	7
775.0	0	7	0	9
776.0	0	7	0	5
777.0	0	4	0	4
778.0	0	8	0	9
779.0	0	6	0	7
780.0	0	6	0	5
781.0	0	4	0	6
782.0	0	7	0	6
783.0	0	8	0	6
784.0	0	3	0	4
785.0	0	10	0	10
786.0	0	6	0	6
787.0	0	4	0	3
788.0	0	6	0	7
789.0	0	4	0	4
790.0	0	4	0	3
791.0	0	4	0	5
792.0	0	9	0	8
793.0	0	3	0	4
794.0	0	5	0	4
795.0	0	3	0	4
796.0	0	4	0	5
797.0	0	6	0	5
798.0	0	3	0	2
799.0	0	6	0	7
800.0	0	7	0	8
801.0	0	7	0	5
802.0	0	6	0	8
803.0	0	11	0	9
804.0	0	1	0	1
805.0	0	8	0	10
806.0	0	8	0	6
807.0	0	3	0	6
808.0	0	11	0	8
809.0	0	2	0	4
810.0	0	6	0	4
811.0	0	5	0	5
812.0	0	3	0	3
813.0	0	7	0	9
814.0	0	4	0	3
815.0	0	14	0	14
816.0	0	7	0	6
817.0	0	3	0	3
818.0	0	2	0	2
819.0	0	3	0	3
820.0	0	9	0	10
821.0	0	6	0	5
822.0	0	6	0	6
823.0	0	8	0	8
824.0	0	3	0	3
825.0	0	8	0	9
826.0	0	3	0	3
827.0	0	5	0	4
828.0	0	3	0	4
829.0	0	8	0	7
830.0	0	10	0	11
831.0	0	8	0	7
832.0	0	6	0	6
833.0	0	5	0	5
834.0	0	6	0	7
835.0	0	5	0	5
836.0	0	6	0	5
837.0	0	7	0	8
838.0	0	5	0	4
839.0	0	6	0	7
840.0	0	2	0	2
841.0	0	5	0	4
842.0	0	4	0	4
843.0	0	7	0	8
844.0	0	5	0	5
845.0	0	4	0	4
846.0	0	6	0	5
847.0	0	5	0	5
848.0	0	10	0	11
849.0	0	7	0	7
850.0	0	5	0	5
851.0	0	4	0	4
852.0	0	4	0	3
853.0	0	8	0	8
854.0	0	6	0	6
855.0	0	5	0	7
856.0	0	2	0	1
857.0	0	3	0	5
858.0	0	6	0	3
859.0	0	4	0	5
860.0	0	7	0	6
861.0	0	1	0	2
862.0	0	6	0	5
863.0	0	4	0	4
864.0	0	3	0	3
865.0	0	4	0	4
866.0	0	2	0	4
867.0	0	4	0	4
868.0	0	4	0	2
869.0	0	2	0	3
870.0	0	4	0	4
871.0	0	5	0	4
872.0	0	3	0	3
873.0	0	6	0	8
874.0	0	6	0	4
875.0	0	7	0	8
876.0	0	6	0	6
877.0	0	2	0	1
878.0	0	4	0	4
879.0	0	1	0	2
880.0	0	6	0	5
881.0	0	7	0	9
882.0	0	5	0	3
883.0	0	3	0	5
884.0	0	4	0	2
885.0	0	4	0	5
886.0	0	2	0	2
887.0	0	5	0	7
888.0	0	5	0	3
889.0	0	4	0	3
890.0	0	5	0	6
891.0	0	7	0	6
892.0	0	3	0	4
893.0	0	5	0	4
894.0	0	2	0	2
895.0	0	2	0	3
896.0	0	3	0	2
897.0	0	2	0	2
898.0	0	2	0	3
899.0	0	11	0	10
900.0	0	2	0	2
901.0	0	3	0	4
902.0	0	4	0	3
903.0	0	1	0	3
904.0	0	8	0	6
905.0	0	3	0	3
906.0	0	5	0	5
907.0	0	2	0	2
908.0	0	4	0	4
909.0	0	5	0	5
910.0	0	5	0	5
912.0	0	6	0	9
913.0	0	9	0	8
914.0	0	8	0	7
915.0	0	3	0	2
916.0	0	4	0	5
917.0	0	4	0	3
918.0	0	3	0	5
919.0	0	8	0	8
920.0	0	7	0	5
921.0	0	3	0	5
922.0	0	3	0	2
923.0	0	6	0	7
924.0	0	5	0	3
925.0	0	5	0	5
926.0	0	4	0	4
927.0	0	2	0	3
928.0	0	3	0	2
929.0	0	1	0	3
930.0	0	5	0	4
931.0	0	5	0	6
932.0	0	4	0	2
933.0	0	2	0	2
934.0	0	5	0	5
935.0	0	4	0	5
936.0	0	2	0	1
937.0	0	2	0	3
938.0	0	5	0	5
939.0	0	3	0	3
940.0	0	7	0	7
941.0	0	2	0	3
942.0	0	5	0	4
943.0	0	7	0	7
944.0	0	5	0	4
945.0	0	7	0	7
946.0	0	2	0	3
947.0	0	3	0	3
948.0	0	4	0	5
949.0	0	9	0	8
950.0	0	4	0	4
951.0	0	5	0	4
952.0	0	3	0	4
953.0	0	3	0	2
954.0	0	2	0	3
955.0	0	1	0	0
956.0	0	4	0	5
957.0	0	2	0	4
958.0	0	8	0	5
959.0	0	5	0	6
960.0	0	4	0	3
961.0	0	4	0	5
962.0	0	6	0	6
963.0	0	3	0	2
964.0	0	2	0	2
965.0	0	5	0	7
966.0	0	4	0	5
967.0	0	5	0	4
968.0	0	4	0	4
969.0	0	8	0	7
970.0	0	4	0	3
971.0	0	3	0	5
972.0	0	3	0	2
973.0	0	2	0	1
974.0	0	2	0	2
975.0	0	4	0	7
976.0	0	8	0	5
977.0	0	5	0	5
978.0	0	1	0	2
979.0	0	2	0	3
980.0	0	3	0	1
981.0	0	1	0	2
982.0	0	3	0	2
983.0	0	5	0	6
984.0	0	4	0	3
985.0	0	9	0	9
986.0	0	1	0	1
987.0	0	2	0	5
988.0	0	4	0	1
989.0	0	4	0	5
990.0	0	2	0	1
991.0	0	2	0	2
992.0	0	2	0	2
993.0	0	4	0	4
994.0	0	3	0	4
995.0	0	1	0	0
996.0	0	2	0	2
997.0	0	4	0	4
998.0	0	2	0	2
999.0	0	3	0	4
1000.0	0	5	0	4
1001.0	0	5	0	5
1002.0	0	3	0	3
1003.0	0	5	0	5
1004.0	0	3	0	3
1005.0	0	3	0	3
1006.0	0	2	0	2
1008.0	0	2	0	2
1009.0	0	4	0	4
1010.0	0	3	0	3
1011.0	0	2	0	4
1012.0	0	6	0	4
1013.0	0	3	0	4
1014.0	0	4	0	6
1015.0	0	6	0	4
1016.0	0	4	0	4
1017.0	0	8	0	7
1018.0	0	2	0	3
1019.0	0	10	0	10
1020.0	0	6	0	5
1021.0	0	2	0	3
1022.0	0	5	0	5
1023.0	0	4	0	4
1024.0	0	4	0	3
1025.0	0	5	0	5
1026.0	0	2	0	3
1027.0	0	2	0	1
1028.0	0	5	0	6
1029.0	0	5	0	8
1030.0	0	7	0	6
1031.0	0	5	0	2
1032.0	0	3	0	3
1033.0	0	5	0	6
1034.0	0	5	0	5
1035.0	0	3	0	5
1036.0	0	6	0	4
1037.0	0	5	0	4
1038.0	0	4	0	4
1039.0	0	1	0	1
1040.0	0	2	0	2
1041.0	0	5	0	6
1042.0	0	2	0	1
1044.0	0	1	0	3
1045.0	0	5	0	4
1046.0	0	3	0	2
1047.0	0	5	0	6
1048.0	0	4	0	4
1049.0	0	4	0	3
1050.0	0	1	0	1
1051.0	0	4	0	4
1052.0	0	2	0	3
1053.0	0	4	0	4
1054.0	0	7	0	8
1055.0	0	4	0	3
1056.0	0	2	0	2
1057.0	0	1	0	2
1058.0	0	2	0	1
1059.0	0	4	0	4
1060.0	0	3	0	3
1061.0	0	2	0	1
1063.0	0	0	0	1
1064.0	0	4	0	4
1065.0	0	5	0	4
1066.0	0	3	0	5
1067.0	0	3	0	2
1068.0	0	2	0	3
1069.0	0	2	0	0
1070.0	0	5	0	6
1071.0	0	4	0	3
1072.0	0	1	0	1
1073.0	0	2	0	2
1074.0	0	4	0	6
1075.0	0	7	0	5
1076.0	0	4	0	5
1077.0	0	5	0	6
1078.0	0	3	0	1
1080.0	0	2	0	2
1081.0	0	1	0	1
1082.0	0	3	0	3
1083.0	0	3	0	4
1084.0	0	2	0	2
1085.0	0	7	0	7
1086.0	0	2	0	2
1087.0	0	3	0	3
1088.0	0	4	0	5
1089.0	0	6	0	4
1090.0	0	1	0	4
1091.0	0	4	0	1
1092.0	0	1	0	2
1093.0	0	3	0	4
1094.0	0	4	0	2
1095.0	0	1	0	1
1096.0	0	1	0	1
1097.0	0	1	0	1
1098.0	0	3	0	4
1099.0	0	6	0	6
1100.0	0	4	0	5
1101.0	0	2	0	0
1102.0	0	0	0	2
1103.0	0	4	0	3
1104.0	0	3	0	3
1105.0	0	1	0	0
1106.0	0	1	0	1
1107.0	0	3	0	4
1108.0	0	5	0	4
1109.0	0	3	0	3
1110.0	0	3	0	3
1111.0	0	6	0	7
1112.0	0	3	0	2
1113.0	0	3	0	4
1114.0	0	1	0	2
1115.0	0	6	0	4
1116.0	0	3	0	3
1117.0	0	1	0	1
1118.0	0	2	0	2
1119.0	0	3	0	3
1120.0	0	6	0	7
1121.0	0	2	0	1
1122.0	0	3	0	4
1123.0	0	2	0	1
1124.0	0	4	0	4
1125.0	0	4	0	4
1126.0	0	2	0	2
1127.0	0	4	0	4
1128.0	0	2	0	2
1129.0	0	4	0	4
1130.0	0	3	0	3
1131.0	0	0	0	1
1132.0	0	5	0	5
1133.0	0	1	0	0
1134.0	0	3	0	3
1135.0	0	3	0	3
1136.0	0	4	0	4
1137.0	0	3	0	3
1138.0	0	2	0	4
1139.0	0	3	0	3
1140.0	0	2	0	0
1141.0	0	1	0	1
1142.0	0	2	0	2
1143.0	0	3	0	3
1147.0	0	2	0	3
1148.0	0	2	0	2
1149.0	0	1	0	1
1150.0	0	2	0	1
1151.0	0	2	0	3
1152.0	0	3	0	3
1153.0	0	2	0	2
1154.0	0	6	0	5
1155.0	0	2	0	2
1156.0	0	3	0	3
1157.0	0	3	0	3
1158.0	0	6	0	6
1159.0	0	2	0	2
1160.0	0	1	0	1
1161.0	0	3	0	3
1162.0	0	1	0	1
1163.0	0	4	0	4
1165.0	0	2	0	3
1166.0	0	4	0	3
1167.0	0	3	0	3
1168.0	0	2	0	2
1169.0	0	3	0	3
1170.0	0	1	0	1
1171.0	0	2	0	2
1172.0	0	4	0	4
1173.0	0	1	0	2
1175.0	0	3	0	4
1176.0	0	4	0	2
1177.0	0	1	0	1
1178.0	0	2	0	2
1179.0	0	1	0	1
1180.0	0	5	0	5
1182.0	0	2	0	2
1183.0	0	1	0	1
1184.0	0	4	0	4
1185.0	0	6	0	7
1186.0	0	3	0	3
1187.0	0	4	0	4
1188.0	0	6	0	6
1189.0	0	1	0	0
1190.0	0	2	0	2
1191.0	0	1	0	1
1192.0	0	1	0	1
1193.0	0	1	0	1
1194.0	0	3	0	3
1195.0	0	2	0	3
1196.0	0	2	0	1
1197.0	0	2	0	3
1198.0	0	3	0	2
1199.0	0	2	0	3
1200.0	0	3	0	3
1201.0	0	3	0	2
1202.0	0	1	0	1
1203.0	0	1	0	1
1204.0	0	4	0	4
1205.0	0	1	0	3
1206.0	0	3	0	2
1207.0	0	2	0	1
1208.0	0	2	0	2
1209.0	0	0	0	1
1210.0	0	2	0	2
1211.0	0	4	0	3
1212.0	0	2	0	2
1213.0	0	1	0	1
1215.0	0	4	0	5
1216.0	0	2	0	2
1217.0	0	1	0	1
1218.0	0	3	0	3
1219.0	0	3	0	3
1220.0	0	3	0	2
1221.0	0	2	0	5
1222.0	0	4	0	3
1223.0	0	3	0	1
1224.0	0	2	0	3
1225.0	0	2	0	1
1226.0	0	1	0	4
1227.0	0	3	0	2
1228.0	0	5	0	5
1229.0	0	4	0	4
1230.0	0	3	0	2
1231.0	0	2	0	1
1232.0	0	3	0	4
1233.0	0	3	0	2
1234.0	0	1	0	3
1235.0	0	4	0	4
1236.0	0	3	0	1
1237.0	0	1	0	1
1238.0	0	1	0	1
1239.0	0	2	0	2
1240.0	0	4	0	4
1241.0	0	2	0	3
1242.0	0	4	0	5
1243.0	0	4	0	2
1244.0	0	1	0	1
1245.0	0	0	0	1
1246.0	0	3	0	3
1247.0	0	4	0	4
1248.0	0	2	0	1
1249.0	0	2	0	2
1250.0	0	4	0	4
1251.0	0	1	0	1
1252.0	0	1	0	1
1253.0	0	2	0	2
1254.0	0	2	0	2
1255.0	0	2	0	4
1256.0	0	6	0	6
1257.0	0	2	0	1
1258.0	0	3	0	3
1259.0	0	1	0	2
1260.0	0	3	0	2
1261.0	0	1	0	0
1262.0	0	2	0	3
1263.0	0	3	0	3
1264.0	0	1	0	0
1265.0	0	2	0	2
1266.0	0	2	0	4
1267.0	0	4	0	2
1268.0	0	1	0	1
1269.0	0	3	0	3
1270.0	0	2	0	4
1271.0	0	4	0	2
1272.0	0	0	0	3
1273.0	0	3	0	1
1274.0	0	2	0	3
1275.0	0	2	0	1
1276.0	0	2	0	2
1277.0	0	0	0	2
1278.0	0	3	0	1
1279.0	0	5	0	4
1280.0	0	1	0	2
1281.0	0	2	0	1
1282.0	0	4	0	5
1283.0	0	3	0	2
1284.0	0	2	0	3
1285.0	0	2	0	2
1286.0	0	3	0	2
1288.0	0	4	0	4
1289.0	0	4	0	5
1290.0	0	2	0	1
1291.0	0	3	0	3
1292.0	0	3	0	3
1294.0	0	0	0	1
1295.0	0	2	0	1
1296.0	0	2	0	4
1297.0	0	2	0	1
1298.0	0	1	0	0
1299.0	0	1	0	3
1300.0	0	4	0	3
1301.0	0	5	0	5
1302.0	0	1	0	0
1303.0	0	2	0	2
1304.0	0	3	0	5
1305.0	0	6	0	4
1307.0	0	1	0	2
1308.0	0	1	0	0
1310.0	0	1	0	2
1311.0	0	1	0	1
1312.0	0	2	0	2
1313.0	0	3	0	2
1314.0	0	1	0	1
1315.0	0	1	0	2
1316.0	0	1	0	1
1317.0	0	2	0	1
1318.0	0	2	0	3
1319.0	0	3	0	2
1320.0	0	2	0	4
1321.0	0	2	0	1
1322.0	0	3	0	3
1323.0	0	3	0	3
1324.0	0	2	0	2
1325.0	0	1	0	0
1326.0	0	3	0	3
1327.0	0	2	0	2
1328.0	0	2	0	2
1329.0	0	1	0	1
1330.0	0	2	0	2
1331.0	0	1	0	1
1332.0	0	2	0	2
1333.0	0	3	0	3
1334.0	0	2	0	4
1335.0	0	4	0	2
1337.0	0	2	0	4
1338.0	0	5	0	3
1339.0	0	2	0	5
1340.0	0	2	0	0
1341.0	0	1	0	0
1342.0	0	2	0	4
1343.0	0	2	0	0
1344.0	0	2	0	2
1345.0	0	2	0	2
1346.0	0	2	0	2
1347.0	0	1	0	3
1348.0	0	2	0	0
1349.0	0	1	0	1
1350.0	0	0	0	2
1351.0	0	2	0	3
1352.0	0	6	0	3
1353.0	0	1	0	1
1354.0	0	2	0	3
1355.0	0	2	0	1
1356.0	0	1	0	2
1357.0	0	4	0	3
1359.0	0	3	0	3
1360.0	0	1	0	1
1361.0	0	2	0	2
1363.0	0	0	0	2
1364.0	0	3	0	2
1365.0	0	2	0	2
1366.0	0	2	0	3
1367.0	0	3	0	3
1368.0	0	3	0	2
1369.0	0	2	0	1
1370.0	0	2	0	2
1371.0	0	2	0	3
1372.0	0	2	0	2
1373.0	0	2	0	1
1374.0	0	2	0	3
1376.0	0	4	0	3
1377.0	0	2	0	2
1378.0	0	1	0	2
1379.0	0	2	0	1
1380.0	0	1	0	1
1381.0	0	2	0	2
1382.0	0	2	0	2
1383.0	0	1	0	1
1384.0	0	1	0	1
1386.0	0	1	0	1
1387.0	0	1	0	1
1388.0	0	2	0	2
1389.0	0	1	0	2
1390.0	0	0	0	1
1391.0	0	3	0	1
1392.0	0	1	0	1
1393.0	0	0	0	1
1394.0	0	4	0	3
1395.0	0	1	0	1
1396.0	0	2	0	2
1397.0	0	0	0	1
1398.0	0	2	0	1
1399.0	0	0	0	1
1400.0	0	2	0	2
1401.0	0	1	0	0
1402.0	0	1	0	1
1404.0	0	1	0	2
1405.0	0	2	0	1
1406.0	0	2	0	3
1407.0	0	2	0	1
1409.0	0	3	0	3
1411.0	0	1	0	1
1412.0	0	2	0	2
1413.0	0	2	0	2
1414.0	0	2	0	2
1415.0	0	0	0	1
1416.0	0	1	0	0
1418.0	0	2	0	2
1419.0	0	0	0	1
1420.0	0	1	0	2
1421.0	0	2	0	0
1422.0	0	2	0	2
1423.0	0	0	0	1
1424.0	0	2	0	1
1425.0	0	2	0	5
1426.0	0	5	0	3
1427.0	0	2	0	1
1428.0	0	1	0	1
1429.0	0	1	0	2
1430.0	0	2	0	2
1431.0	0	2	0	1
1432.0	0	2	0	4
1433.0	0	2	0	3
1434.0	0	4	0	2
1435.0	0	3	0	2
1436.0	0	2	0	2
1438.0	0	2	0	5
1439.0	0	3	0	0
1440.0	0	2	0	2
1442.0	0	2	0	2
1443.0	0	1	0	1
1444.0	0	2	0	4
1445.0	0	1	0	1
1446.0	0	4	0	2
1447.0	0	2	0	2
1449.0	0	2	0	2
1450.0	0	0	0	1
1452.0	0	2	0	1
1453.0	0	2	0	4
1454.0	0	2	0	0
1455.0	0	0	0	2
1456.0	0	2	0	1
1457.0	0	3	0	2
1459.0	0	2	0	3
1460.0	0	1	0	1
1461.0	0	1	0	0
1462.0	0	1	0	2
1463.0	0	3	0	4
1464.0	0	4	0	2
1465.0	0	1	0	2
1466.0	0	2	0	2
1467.0	0	3	0	2
1468.0	0	2	0	2
1469.0	0	1	0	1
1470.0	0	1	0	3
1471.0	0	2	0	1
1472.0	0	5	0	4
1474.0	0	0	0	1
1475.0	0	1	0	2
1476.0	0	2	0	0
1477.0	0	1	0	1
1478.0	0	1	0	1
1479.0	0	1	0	2
1481.0	0	1	0	0
1482.0	0	1	0	2
1484.0	0	1	0	0
1486.0	0	3	0	3
1489.0	0	1	0	2
1490.0	0	2	0	2
1491.0	0	2	0	6
1492.0	0	6	0	2
1493.0	0	1	0	1
1494.0	0	1	0	0
1495.0	0	1	0	1
1496.0	0	2	0	2
1498.0	0	1	0	2
1499.0	0	1	0	1
1500.0	0	2	0	1
1501.0	0	1	0	1
1502.0	0	1	0	4
1503.0	0	4	0	4
1504.0	0	3	0	0
1505.0	0	1	0	2
1506.0	0	1	0	0
1507.0	0	3	0	4
1508.0	0	2	0	2
1509.0	0	3	0	4
1510.0	0	3	0	2
1511.0	0	2	0	3
1512.0	0	3	0	1
1514.0	0	1	0	3
1515.0	0	3	0	1
1516.0	0	2	0	4
1517.0	0	3	0	1
1518.0	0	2	0	5
1519.0	0	5	0	2
1520.0	0	0	0	1
1521.0	0	4	0	4
1522.0	0	1	0	0
1524.0	0	1	0	2
1525.0	0	1	0	0
1528.0	0	1	0	1
1529.0	0	2	0	3
1530.0	0	3	0	2
1532.0	0	2	0	4
1533.0	0	4	0	3
1534.0	0	2	0	3
1535.0	0	1	0	0
1536.0	0	1	0	0
1537.0	0	1	0	2
1538.0	0	1	0	1
1539.0	0	3	0	2
1540.0	0	1	0	1
1541.0	0	1	0	1
1542.0	0	0	0	1
1544.0	0	1	0	0
1545.0	0	2	0	3
1546.0	0	1	0	2
1547.0	0	4	0	4
1548.0	0	2	0	0
1549.0	0	2	0	4
1550.0	0	3	0	3
1551.0	0	2	0	1
1552.0	0	2	0	1
1553.0	0	1	0	1
1555.0	0	3	0	3
1557.0	0	2	0	3
1558.0	0	1	0	1
1559.0	0	1	0	0
1560.0	0	1	0	1
1561.0	0	0	0	1
1562.0	0	3	0	2
1564.0	0	1	0	2
1565.0	0	3	0	2
1566.0	0	3	0	3
1567.0	0	3	0	4
1568.0	0	2	0	1
1570.0	0	1	0	3
1571.0	0	2	0	1
1572.0	0	1	0	0
1573.0	0	1	0	2
1574.0	0	1	0	0
1575.0	0	1	0	3
1576.0	0	4	0	4
1577.0	0	1	0	2
1578.0	0	3	0	0
1580.0	0	2	0	3
1581.0	0	1	0	0
1582.0	0	1	0	2
1583.0	0	2	0	3
1584.0	0	2	0	0
1585.0	0	1	0	1
1587.0	0	2	0	2
1588.0	0	0	0	1
1589.0	0	2	0	2
1590.0	0	1	0	0
1591.0	0	1	0	3
1592.0	0	2	0	2
1593.0	0	2	0	0
1594.0	0	1	0	3
1595.0	0	2	0	2
1596.0	0	3	0	2
1597.0	0	2	0	1
1599.0	0	1	0	1
1600.0	0	0	0	1
1601.0	0	2	0	1
1602.0	0	1	0	1
1603.0	0	1	0	1
1606.0	0	3	0	4
1607.0	0	3	0	2
1609.0	0	1	0	1
1610.0	0	1	0	1
1611.0	0	1	0	1
1613.0	0	0	0	1
1614.0	0	3	0	2
1615.0	0	0	0	1
1616.0	0	3	0	3
1617.0	0	1	0	1
1618.0	0	1	0	1
1619.0	0	3	0	2
1620.0	0	1	0	3
1622.0	0	3	0	3
1623.0	0	3	0	2
1624.0	0	2	0	1
1625.0	0	1	0	1
1626.0	0	1	0	1
1627.0	0	3	0	4
1628.0	0	1	0	0
1631.0	0	1	0	3
1632.0	0	2	0	0
1633.0	0	0	0	1
1634.0	0	3	0	2
1637.0	0	1	0	1
1638.0	0	2	0	2
1639.0	0	1	0	2
1640.0	0	3	0	3
1641.0	0	1	0	0
1642.0	0	1	0	1
1643.0	0	4	0	4
1644.0	0	3	0	3
1645.0	0	1	0	1
1646.0	0	0	0	1
1647.0	0	1	0	0
1649.0	0	3	0	3
1650.0	0	1	0	2
1651.0	0	2	0	1
1652.0	0	1	0	1
1653.0	0	1	0	2
1654.0	0	2	0	1
1655.0	0	1	0	1
1659.0	0	3	0	5
1660.0	0	3	0	1
1663.0	0	0	0	1
1664.0	0	1	0	2
1665.0	0	1	0	1
1666.0	0	1	0	2
1667.0	0	4	0	1
1669.0	0	0	0	1
1670.0	0	2	0	1
1671.0	0	0	0	1
1672.0	0	1	0	0
1673.0	0	1	0	1
1674.0	0	1	0	2
1675.0	0	1	0	0
1677.0	0	3	0	3
1678.0	0	1	0	2
1679.0	0	2	0	1
1683.0	0	2	0	2
1685.0	0	1	0	2
1686.0	0	2	0	1
1687.0	0	0	0	3
1688.0	0	3	0	1
1689.0	0	2	0	1
1690.0	0	0	0	1
1691.0	0	2	0	1
1692.0	0	1	0	2
1693.0	0	1	0	0
1695.0	0	1	0	2
1696.0	0	1	0	2
1698.0	0	1	0	0
1699.0	0	1	0	1
1700.0	0	3	0	2
1701.0	0	0	0	1
1702.0	0	1	0	0
1703.0	0	1	0	1
1704.0	0	1	0	3
1705.0	0	3	0	1
1706.0	0	1	0	2
1707.0	0	1	0	0
1708.0	0	2	0	3
1710.0	0	1	0	1
1711.0	0	1	0	1
1712.0	0	1	0	0
1713.0	0	1	0	1
1715.0	0	1	0	1
1716.0	0	3	0	3
1718.0	0	0	0	1
1719.0	0	2	0	2
1720.0	0	1	0	0
1721.0	0	1	0	2
1723.0	0	1	0	1
1724.0	0	1	0	1
1725.0	0	1	0	0
1726.0	0	0	0	1
1727.0	0	1	0	0
1728.0	0	1	0	1
1729.0	0	3	0	4
1731.0	0	0	0	1
1732.0	0	4	0	2
1733.0	0	0	0	1
1734.0	0	4	0	3
1735.0	0	1	0	1
1736.0	0	2	0	2
1737.0	0	1	0	1
1738.0	0	2	0	2
1739.0	0	1	0	1
1740.0	0	0	0	1
1741.0	0	1	0	0
1743.0	0	0	0	1
1744.0	0	1	0	1
1745.0	0	1	0	1
1746.0	0	1	0	1
1747.0	0	1	0	0
1748.0	0	0	0	1
1749.0	0	2	0	1
1750.0	0	1	0	1
1751.0	0	1	0	1
1752.0	0	0	0	1
1753.0	0	2	0	2
1754.0	0	1	0	0
1755.0	0	0	0	1
1756.0	0	1	0	0
1758.0	0	0	0	1
1759.0	0	1	0	1
1760.0	0	1	0	2
1761.0	0	2	0	0
1764.0	0	2	0	3
1765.0	0	1	0	1
1766.0	0	2	0	1
1767.0	0	2	0	2
1768.0	0	1	0	3
1769.0	0	1	0	1
1771.0	0	4	0	3
1772.0	0	1	0	0
1773.0	0	0	0	1
1774.0	0	2	0	1
1775.0	0	1	0	1
1776.0	0	1	0	2
1777.0	0	2	0	1
1778.0	0	1	0	1
1779.0	0	0	0	1
1780.0	0	2	0	2
1781.0	0	2	0	2
1783.0	0	0	0	1
1784.0	0	2	0	0
1786.0	0	1	0	1
1787.0	0	0	0	1
1788.0	0	0	0	1
1789.0	0	2	0	0
1790.0	0	1	0	1
1792.0	0	1	0	1
1794.0	0	2	0	3
1795.0	0	1	0	1
1796.0	0	1	0	0
1798.0	0	0	0	1
1799.0	0	2	0	3
1800.0	0	2	0	0
1801.0	0	1	0	1
1802.0	0	1	0	1
1805.0	0	0	0	1
1806.0	0	1	0	2
1807.0	0	1	0	0
1808.0	0	2	0	1
1810.0	0	1	0	3
1811.0	0	2	0	0
1812.0	0	0	0	1
1813.0	0	1	0	0
1814.0	0	0	0	1
1815.0	0	1	0	0
1816.0	0	1	0	1
1817.0	0	0	0	1
1818.0	0	1	0	0
1819.0	0	1	0	2
1820.0	0	4	0	4
1821.0	0	3	0	2
1822.0	0	0	0	1
1823.0	0	1	0	2
1824.0	0	2	0	0
1826.0	0	1	0	1
1830.0	0	0	0	3
1831.0	0	3	0	0
1832.0	0	0	0	3
1833.0	0	2	0	1
1834.0	0	1	0	0
1835.0	0	2	0	1
1836.0	0	1	0	3
1838.0	0	2	0	0
1840.0	0	1	0	2
1841.0	0	1	0	0
1842.0	0	1	0	1
1843.0	0	0	0	1
1844.0	0	1	0	1
1846.0	0	2	0	1
1847.0	0	1	0	1
1852.0	0	1	0	1
1853.0	0	0	0	2
1854.0	0	3	0	1
1855.0	0	1	0	1
1856.0	0	0	0	4
1857.0	0	2	0	0
1858.0	0	2	0	1
1859.0	0	1	0	0
1860.0	0	1	0	1
1861.0	0	1	0	1
1863.0	0	0	0	1
1864.0	0	1	0	1
1865.0	0	1	0	0
1866.0	0	2	0	3
1867.0	0	1	0	1
1868.0	0	1	0	0
1870.0	0	0	0	1
1871.0	0	1	0	1
1872.0	0	2	0	2
1873.0	0	2	0	1
1874.0	0	1	0	2
1875.0	0	2	0	1
1876.0	0	1	0	3
1877.0	0	3	0	1
1878.0	0	0	0	1
1879.0	0	0	0	1
1880.0	0	3	0	1
1881.0	0	0	0	1
1882.0	0	1	0	1
1883.0	0	1	0	2
1884.0	0	2	0	1
1885.0	0	1	0	0
1887.0	0	0	0	1
1888.0	0	1	0	2
1889.0	0	2	0	2
1890.0	0	1	0	0
1891.0	0	1	0	0
1892.0	0	0	0	1
1893.0	0	1	0	0
1894.0	0	0	0	2
1895.0	0	4	0	2
1898.0	0	0	0	1
1899.0	0	2	0	2
1900.0	0	1	0	1
1901.0	0	1	0	1
1902.0	0	1	0	0
1904.0	0	0	0	2
1905.0	0	2	0	1
1906.0	0	1	0	0
1909.0	0	2	0	3
1911.0	0	2	0	4
1912.0	0	2	0	1
1913.0	0	2	0	0
1915.0	0	2	0	2
1916.0	0	0	0	2
1917.0	0	3	0	1
1918.0	0	0	0	1
1919.0	0	1	0	1
1920.0	0	1	0	1
1921.0	0	1	0	1
1922.0	0	1	0	1
1923.0	0	1	0	0
1926.0	0	0	0	2
1927.0	0	3	0	2
1928.0	0	1	0	0
1929.0	0	2	0	2
1931.0	0	1	0	1
1932.0	0	0	0	1
1933.0	0	1	0	1
1934.0	0	1	0	0
1935.0	0	0	0	1
1936.0	0	2	0	1
1939.0	0	1	0	1
1944.0	0	0	0	2
1946.0	0	2	0	1
1947.0	0	1	0	0
1949.0	0	0	0	1
1950.0	0	1	0	0
1952.0	0	1	0	2
1953.0	0	1	0	0
1960.0	0	1	0	1
1963.0	0	1	0	1
1964.0	0	3	0	3
1966.0	0	2	0	3
1967.0	0	1	0	1
1968.0	0	1	0	2
1969.0	0	3	0	2
1970.0	0	1	0	0
1971.0	0	1	0	1
1972.0	0	1	0	1
1976.0	0	1	0	2
1978.0	0	1	0	1
1979.0	0	0	0	1
1980.0	0	2	0	0
1982.0	0	0	0	1
1983.0	0	1	0	1
1984.0	0	1	0	0
1989.0	0	0	0	1
1990.0	0	2	0	1
1992.0	0	1	0	1
1995.0	0	1	0	1
1996.0	0	0	0	2
1997.0	0	2	0	1
1998.0	0	0	0	1
1999.0	0	2	0	0
2000.0	0	1	0	1
2002.0	0	0	0	1
2003.0	0	2	0	1
2004.0	0	0	0	1
2005.0	0	1	0	0
2008.0	0	1	0	2
2009.0	0	1	0	0
2012.0	0	2	0	2
2016.0	0	1	0	2
2018.0	0	1	0	0
2019.0	0	1	0	1
2021.0	0	0	0	1
2022.0	0	1	0	0
2025.0	0	1	0	1
2026.0	0	0	0	3
2027.0	0	3	0	2
2029.0	0	1	0	1
2031.0	0	2	0	0
2034.0	0	0	0	1
2035.0	0	1	0	0
2039.0	0	1	0	2
2040.0	0	2	0	1
2044.0	0	0	0	2
2045.0	0	1	0	1
2047.0	0	2	0	0
2049.0	0	1	0	1
2051.0	0	0	0	1
2052.0	0	1	0	0
2057.0	0	1	0	2
2058.0	0	1	0	0
2059.0	0	0	0	2
2060.0	0	1	0	0
2061.0	0	1	0	1
2062.0	0	0	0	1
2063.0	0	3	0	1
2064.0	0	1	0	2
2065.0	0	1	0	1
2068.0	0	2	0	1
2072.0	0	1	0	1
2073.0	0	2	0	3
2075.0	0	2	0	1
2076.0	0	0	0	1
2077.0	0	1	0	0
2078.0	0	0	0	1
2080.0	0	1	0	1
2081.0	0	1	0	1
2082.0	0	2	0	1
2083.0	0	0	0	1
2085.0	0	2	0	1
2088.0	0	0	0	1
2089.0	0	1	0	0
2092.0	0	0	0	1
2093.0	0	1	0	0
2094.0	0	1	0	1
2097.0	0	1	0	1
2098.0	0	0	0	1
2100.0	0	1	0	0
2102.0	0	0	0	1
2103.0	0	1	0	0
2105.0	0	0	0	1
2106.0	0	2	0	1
2107.0	0	1	0	2
2109.0	0	1	0	0
2110.0	0	1	0	1
2111.0	0	1	0	1
2112.0	0	0	0	1
2113.0	0	2	0	1
2115.0	0	0	0	1
2116.0	0	1	0	1
2118.0	0	1	0	1
2120.0	0	1	0	0
2121.0	0	1	0	1
2124.0	0	0	0	1
2127.0	0	2	0	1
2129.0	0	1	0	2
2130.0	0	1	0	0
2134.0	0	0	0	1
2135.0	0	3	0	2
2138.0	0	1	0	2
2139.0	0	1	0	0
2140.0	0	0	0	1
2141.0	0	1	0	0
2145.0	0	3	0	3
2148.0	0	1	0	3
2149.0	0	1	0	1
2150.0	0	2	0	1
2152.0	0	1	0	1
2153.0	0	2	0	1
2156.0	0	1	0	1
2159.0	0	1	0	1
2161.0	0	0	0	1
2162.0	0	1	0	1
2163.0	0	1	0	0
2164.0	0	1	0	1
2167.0	0	0	0	1
2168.0	0	1	0	3
2169.0	0	2	0	0
2170.0	0	1	0	0
2172.0	0	1	0	2
2173.0	0	1	0	0
2176.0	0	1	0	1
2182.0	0	1	0	2
2184.0	0	1	0	1
2187.0	0	1	0	0
2188.0	0	1	0	1
2189.0	0	0	0	1
2190.0	0	2	0	2
2191.0	0	1	0	0
2192.0	0	0	0	1
2193.0	0	1	0	0
2198.0	0	0	0	1
2200.0	0	1	0	1
2201.0	0	1	0	0
2202.0	0	0	0	1
2204.0	0	1	0	0
2205.0	0	0	0	1
2206.0	0	1	0	1
2209.0	0	1	0	1
2210.0	0	2	0	1
2212.0	0	0	0	1
2213.0	0	1	0	0
2214.0	0	0	0	1
2215.0	0	1	0	0
2218.0	0	0	0	3
2219.0	0	2	0	0
2220.0	0	1	0	0
2221.0	0	0	0	1
2222.0	0	1	0	0
2224.0	0	0	0	1
2225.0	0	1	0	1
2226.0	0	1	0	0
2227.0	0	0	0	1
2228.0	0	1	0	0
2229.0	0	2	0	2
2233.0	0	0	0	1
2234.0	0	2	0	1
2235.0	0	1	0	1
2236.0	0	1	0	2
2237.0	0	1	0	0
2241.0	0	1	0	1
2243.0	0	0	0	2
2244.0	0	2	0	2
2245.0	0	1	0	0
2246.0	0	1	0	0
2247.0	0	1	0	1
2248.0	0	0	0	1
2251.0	0	1	0	0
2252.0	0	0	0	1
2253.0	0	1	0	1
2255.0	0	1	0	0
2257.0	0	0	0	1
2258.0	0	2	0	1
2263.0	0	0	0	2
2264.0	0	2	0	0
2266.0	0	0	0	1
2267.0	0	2	0	1
2269.0	0	1	0	1
2273.0	0	0	0	1
2275.0	0	1	0	0
2276.0	0	1	0	2
2277.0	0	1	0	0
2281.0	0	2	0	3
2282.0	0	1	0	0
2283.0	0	1	0	1
2285.0	0	1	0	1
2286.0	0	0	0	1
2287.0	0	1	0	0
2289.0	0	0	0	1
2290.0	0	1	0	1
2291.0	0	1	0	1
2292.0	0	1	0	1
2293.0	0	1	0	0
2295.0	0	1	0	1
2297.0	0	0	0	1
2299.0	0	1	0	0
2303.0	0	1	0	1
2305.0	0	1	0	1
2306.0	0	0	0	1
2307.0	0	1	0	1
2308.0	0	1	0	0
2310.0	0	0	0	1
2312.0	0	1	0	0
2315.0	0	0	0	1
2317.0	0	0	0	1
2318.0	0	1	0	0
2319.0	0	1	0	0
2320.0	0	1	0	2
2322.0	0	0	0	1
2323.0	0	2	0	0
2325.0	0	0	0	1
2326.0	0	1	0	0
2328.0	0	1	0	1
2331.0	0	1	0	3
2332.0	0	1	0	0
2333.0	0	2	0	1
2336.0	0	0	0	1
2337.0	0	1	0	1
2338.0	0	1	0	0
2346.0	0	0	0	2
2347.0	0	1	0	0
2348.0	0	2	0	1
2352.0	0	0	0	1
2356.0	0	1	0	1
2357.0	0	1	0	0
2362.0	0	0	0	1
2363.0	0	1	0	0
2367.0	0	0	0	1
2369.0	0	1	0	0
2373.0	0	1	0	2
2374.0	0	1	0	0
2378.0	0	0	0	1
2379.0	0	2	0	1
2381.0	0	1	0	1
2385.0	0	0	0	1
2387.0	0	1	0	0
2389.0	0	1	0	1
2394.0	0	0	0	2
2395.0	0	3	0	1
2401.0	0	0	0	1
2402.0	0	1	0	1
2404.0	0	1	0	0
2412.0	0	0	0	1
2413.0	0	1	0	0
2418.0	0	1	0	1
2419.0	0	1	0	1
2421.0	0	0	0	1
2422.0	0	1	0	0
2432.0	0	2	0	2
2436.0	0	1	0	1
2438.0	0	1	0	2
2439.0	0	1	0	1
2441.0	0	2	0	1
2443.0	0	2	0	2
2444.0	0	0	0	1
2445.0	0	2	0	1
2447.0	0	0	0	1
2448.0	0	1	0	0
2450.0	0	0	0	1
2451.0	0	2	0	3
2452.0	0	1	0	0
2453.0	0	1	0	2
2454.0	0	2	0	1
2455.0	0	2	0	1
2457.0	0	0	0	1
2459.0	0	1	0	0
2460.0	0	0	0	1
2461.0	0	1	0	0
2462.0	0	0	0	1
2464.0	0	1	0	1
2466.0	0	1	0	0
2470.0	0	0	0	1
2473.0	0	1	0	0
2476.0	0	0	0	2
2477.0	0	1	0	2
2478.0	0	1	0	0
2479.0	0	1	0	1
2480.0	0	2	0	0
2485.0	0	0	0	1
2486.0	0	1	0	0
2489.0	0	0	0	1
2491.0	0	1	0	0
2492.0	0	1	0	2
2493.0	0	1	0	0
2503.0	0	0	0	1
2504.0	0	1	0	1
2505.0	0	0	0	1
2506.0	0	1	0	1
2507.0	0	1	0	1
2508.0	0	1	0	0
2509.0	0	1	0	0
2512.0	0	1	0	1
2516.0	0	0	0	1
2517.0	0	1	0	0
2520.0	0	0	0	1
2522.0	0	1	0	1
2523.0	0	1	0	0
2529.0	0	0	0	1
2531.0	0	1	0	1
2532.0	0	0	0	1
2533.0	0	0	0	1
2534.0	0	3	0	1
2535.0	0	0	0	1
2536.0	0	1	0	0
2537.0	0	1	0	0
2540.0	0	2	0	2
2542.0	0	0	0	1
2544.0	0	2	0	1
2548.0	0	0	0	2
2549.0	0	1	0	1
2550.0	0	1	0	1
2551.0	0	2	0	1
2552.0	0	1	0	1
2553.0	0	0	0	1
2554.0	0	2	0	0
2556.0	0	0	0	1
2557.0	0	1	0	0
2559.0	0	0	0	1
2560.0	0	1	0	0
2561.0	0	0	0	1
2562.0	0	2	0	2
2563.0	0	1	0	0
2566.0	0	0	0	1
2567.0	0	1	0	0
2568.0	0	1	0	2
2570.0	0	1	0	2
2571.0	0	2	0	1
2572.0	0	2	0	2
2573.0	0	1	0	1
2574.0	0	0	0	1
2575.0	0	1	0	0
2576.0	0	1	0	2
2577.0	0	1	0	1
2578.0	0	2	0	0
2579.0	0	0	0	1
2580.0	0	1	0	1
2581.0	0	1	0	0
2582.0	0	1	0	1
2585.0	0	0	0	1
2586.0	0	1	0	0
2587.0	0	0	0	2
2589.0	0	0	0	1
2590.0	0	1	0	1
2591.0	0	2	0	0
2592.0	0	1	0	1
2593.0	0	1	0	0
2594.0	0	1	0	1
2602.0	0	0	0	1
2603.0	0	1	0	1
2604.0	0	1	0	0
2606.0	0	1	0	1
2608.0	0	0	0	1
2611.0	0	0	0	2
2612.0	0	3	0	1
2614.0	0	1	0	0
2617.0	0	0	0	1
2618.0	0	1	0	0
2640.0	0	2	0	2
2644.0	0	1	0	3
2645.0	0	1	0	0
2647.0	0	1	0	0
2650.0	0	1	0	1
2654.0	0	0	0	2
2656.0	0	1	0	0
2659.0	0	1	0	1
2661.0	0	1	0	1
2662.0	0	1	0	0
2664.0	0	0	0	1
2665.0	0	1	0	0
2668.0	0	1	0	2
2673.0	0	1	0	0
2675.0	0	0	0	1
2676.0	0	1	0	1
2677.0	0	0	0	1
2678.0	0	2	0	0
2681.0	0	1	0	1
2682.0	0	0	0	1
2683.0	0	1	0	0
2684.0	0	1	0	1
2685.0	0	0	0	1
2686.0	0	1	0	0
2689.0	0	0	0	1
2690.0	0	0	0	1
2691.0	0	1	0	0
2692.0	0	1	0	0
2693.0	0	1	0	1
2697.0	0	0	0	1
2700.0	0	1	0	0
2701.0	0	1	0	1
2706.0	0	0	0	1
2708.0	0	0	0	2
2709.0	0	3	0	2
2710.0	0	1	0	1
2712.0	0	1	0	2
2713.0	0	1	0	0
2714.0	0	2	0	0
2720.0	0	0	0	1
2722.0	0	1	0	1
2723.0	0	2	0	1
2735.0	0	1	0	1
2736.0	0	0	0	1
2738.0	0	1	0	1
2742.0	0	1	0	0
2744.0	0	0	0	1
2745.0	0	1	0	0
2748.0	0	0	0	1
2749.0	0	1	0	0
2752.0	0	0	0	1
2754.0	0	1	0	0
2756.0	0	0	0	2
2757.0	0	2	0	1
2758.0	0	0	0	1
2759.0	0	2	0	1
2760.0	0	1	0	1
2762.0	0	1	0	0
2767.0	0	1	0	1
2769.0	0	0	0	1
2772.0	0	1	0	2
2773.0	0	0	0	1
2774.0	0	2	0	0
2775.0	0	0	0	1
2776.0	0	1	0	0
2777.0	0	1	0	0
2780.0	0	0	0	1
2781.0	0	1	0	1
2782.0	0	1	0	1
2785.0	0	0	0	1
2786.0	0	1	0	1
2788.0	0	3	0	1
2789.0	0	1	0	2
2790.0	0	1	0	1
2792.0	0	1	0	1
2793.0	0	0	0	1
2794.0	0	2	0	0
2796.0	0	0	0	1
2797.0	0	1	0	0
2800.0	0	0	0	1
2802.0	0	1	0	2
2803.0	0	1	0	0
2804.0	0	1	0	1
2805.0	0	1	0	0
2806.0	0	0	0	1
2807.0	0	1	0	0
2809.0	0	0	0	1
2810.0	0	0	0	1
2811.0	0	2	0	0
2813.0	0	1	0	1
2821.0	0	0	0	1
2823.0	0	1	0	0
2826.0	0	0	0	1
2827.0	0	1	0	0
2830.0	0	1	0	2
2833.0	0	1	0	0
2836.0	0	1	0	1
2837.0	0	0	0	1
2839.0	0	1	0	0
2841.0	0	1	0	1
2844.0	0	0	0	1
2845.0	0	1	0	0
2847.0	0	1	0	2
2849.0	0	1	0	0
2854.0	0	1	0	1
2860.0	0	0	0	1
2861.0	0	1	0	1
2862.0	0	1	0	0
2863.0	0	0	0	1
2865.0	0	0	0	1
2866.0	0	2	0	0
2873.0	0	1	0	1
2877.0	0	1	0	2
2878.0	0	0	0	1
2879.0	0	2	0	2
2880.0	0	1	0	0
2881.0	0	1	0	0
2882.0	0	1	0	1
2887.0	0	0	0	1
2889.0	0	1	0	0
2890.0	0	0	0	1
2893.0	0	1	0	0
2894.0	0	0	0	1
2895.0	0	1	0	1
2896.0	0	1	0	0
2898.0	0	0	0	1
2899.0	0	1	0	0
2901.0	0	1	0	1
2912.0	0	1	0	1
2914.0	0	0	0	1
2916.0	0	1	0	1
2917.0	0	1	0	0
2920.0	0	0	0	1
2922.0	0	1	0	0
2926.0	0	0	0	1
2928.0	0	0	0	1
2929.0	0	2	0	1
2931.0	0	1	0	0
2934.0	0	1	0	1
2935.0	0	0	0	1
2936.0	0	1	0	0
2938.0	0	0	0	2
2940.0	0	0	0	1
2941.0	0	2	0	2
2942.0	0	1	0	1
2944.0	0	2	0	2
2946.0	0	2	0	0
2947.0	0	1	0	0
2952.0	0	0	0	1
2953.0	0	1	0	0
2956.0	0	1	0	1
2960.0	0	0	0	1
2961.0	0	0	0	1
2962.0	0	2	0	0
2969.0	0	0	0	1
2970.0	0	1	0	0
2971.0	0	0	0	2
2972.0	0	0	0	1
2973.0	0	1	0	1
2974.0	0	1	0	0
2975.0	0	1	0	1
2977.0	0	1	0	0
2978.0	0	1	0	0
2979.0	0	0	0	1
2980.0	0	1	0	0
2985.0	0	0	0	2
2986.0	0	1	0	1
2987.0	0	1	0	1
2988.0	0	0	0	1
2989.0	0	2	0	0
2990.0	0	1	0	0
2993.0	0	1	0	2
2996.0	0	1	0	0
3008.0	0	0	0	1
3009.0	0	1	0	0
3014.0	0	0	0	1
3016.0	0	1	0	0
3018.0	0	0	0	1
3019.0	0	1	0	1
3020.0	0	1	0	0
3024.0	0	0	0	1
3025.0	0	1	0	0
3026.0	0	0	0	1
3027.0	0	1	0	0
3029.0	0	0	0	1
3030.0	0	1	0	0
3031.0	0	1	0	2
3032.0	0	1	0	0
3033.0	0	0	0	3
3034.0	0	1	0	2
3035.0	0	2	0	0
3036.0	0	1	0	0
3037.0	0	1	0	0
3038.0	0	0	0	1
3039.0	0	2	0	1
3044.0	0	0	0	1
3047.0	0	1	0	0
3049.0	0	0	0	1
3050.0	0	1	0	0
3051.0	0	0	0	1
3052.0	0	1	0	0
3053.0	0	0	0	1
3054.0	0	1	0	0
3060.0	0	1	0	1
3061.0	0	0	0	1
3063.0	0	1	0	0
3064.0	0	0	0	1
3066.0	0	0	0	1
3067.0	0	1	0	0
3068.0	0	1	0	0
3069.0	0	0	0	1
3070.0	0	1	0	0
3073.0	0	0	0	1
3074.0	0	0	0	1
3075.0	0	1	0	0
3076.0	0	1	0	0
3077.0	0	0	0	1
3079.0	0	0	0	1
3080.0	0	1	0	2
3081.0	0	4	0	1
3087.0	0	0	0	1
3089.0	0	1	0	0
3092.0	0	1	0	1
3101.0	0	0	0	1
3102.0	0	1	0	1
3103.0	0	1	0	0
3104.0	0	0	0	1
3105.0	0	1	0	1
3106.0	0	0	0	1
3108.0	0	1	0	0
3109.0	0	1	0	0
3110.0	0	0	0	1
3112.0	0	1	0	0
3113.0	0	0	0	1
3114.0	0	1	0	0
3116.0	0	0	0	1
3118.0	0	1	0	0
3133.0	0	0	0	1
3135.0	0	1	0	0
3145.0	0	0	0	1
3147.0	0	1	0	0
3148.0	0	0	0	1
3149.0	0	1	0	2
3150.0	0	1	0	0
3153.0	0	1	0	0
3159.0	0	0	0	1
3160.0	0	1	0	0
3165.0	0	0	0	1
3166.0	0	1	0	1
3170.0	0	1	0	0
3179.0	0	0	0	1
3181.0	0	1	0	0
3194.0	0	0	0	1
3196.0	0	1	0	0
3197.0	0	0	0	1
3199.0	0	1	0	0
3206.0	0	0	0	1
3207.0	0	0	0	1
3210.0	0	1	0	0
3211.0	0	1	0	0
3216.0	0	0	0	1
3218.0	0	0	0	2
3219.0	0	1	0	0
3220.0	0	1	0	0
3221.0	0	1	0	0
3222.0	0	1	0	1
3224.0	0	0	0	1
3226.0	0	0	0	1
3227.0	0	1	0	0
3229.0	0	0	0	1
3230.0	0	0	0	1
3231.0	0	1	0	0
3232.0	0	0	0	1
3233.0	0	1	0	0
3234.0	0	2	0	0
3235.0	0	1	0	1
3236.0	0	0	0	1
3237.0	0	1	0	0
3238.0	0	1	0	1
3245.0	0	0	0	1
3247.0	0	0	0	1
3248.0	0	1	0	0
3249.0	0	1	0	1
3250.0	0	1	0	0
3257.0	0	0	0	1
3259.0	0	1	0	1
3261.0	0	1	0	0
3263.0	0	0	0	1
3265.0	0	1	0	1
3270.0	0	1	0	0
3280.0	0	0	0	2
3281.0	0	1	0	0
3282.0	0	1	0	1
3283.0	0	1	0	0
3290.0	0	0	0	1
3293.0	0	1	0	0
3297.0	0	0	0	1
3301.0	0	1	0	0
3303.0	0	0	0	1
3304.0	0	1	0	0
3310.0	0	0	0	1
3313.0	0	1	0	0
3318.0	0	0	0	2
3319.0	0	1	0	0
3322.0	0	1	0	0
3324.0	0	0	0	1
3326.0	0	1	0	1
3328.0	0	1	0	0
3335.0	0	0	0	1
3336.0	0	1	0	0
3337.0	0	0	0	1
3338.0	0	1	0	1
3340.0	0	1	0	1
3344.0	0	1	0	0
3348.0	0	0	0	2
3350.0	0	2	0	0
3355.0	0	0	0	1
3357.0	0	1	0	0
3360.0	0	0	0	1
3361.0	0	0	0	1
3362.0	0	1	0	0
3363.0	0	1	0	0
3364.0	0	0	0	1
3368.0	0	1	0	0
3376.0	0	0	0	1
3377.0	0	2	0	1
3379.0	0	0	0	1
3381.0	0	1	0	1
3383.0	0	0	0	1
3384.0	0	1	0	0
3386.0	0	1	0	1
3387.0	0	1	0	1
3389.0	0	2	0	1
3394.0	0	1	0	1
3397.0	0	0	0	2
3398.0	0	1	0	0
3400.0	0	1	0	0
3412.0	0	1	0	1
3418.0	0	0	0	1
3421.0	0	1	0	0
3430.0	0	0	0	1
3433.0	0	1	0	0
3437.0	0	0	0	1
3438.0	0	1	0	1
3441.0	0	0	0	1
3442.0	0	0	0	1
3443.0	0	1	0	1
3444.0	0	3	0	1
3446.0	0	1	0	1
3447.0	0	1	0	0
3452.0	0	0	0	1
3453.0	0	1	0	0
3456.0	0	0	0	1
3457.0	0	1	0	0
3458.0	0	0	0	1
3460.0	0	1	0	0
3467.0	0	0	0	1
3470.0	0	1	0	0
3481.0	0	0	0	1
3486.0	0	1	0	0
3490.0	0	0	0	1
3492.0	0	1	0	0
3495.0	0	1	0	1
3496.0	0	0	0	1
3498.0	0	1	0	0
3500.0	0	0	0	1
3501.0	0	1	0	0
3504.0	0	0	0	1
3507.0	0	0	0	1
3509.0	0	1	0	0
3511.0	0	1	0	0
3512.0	0	0	0	1
3514.0	0	1	0	0
3528.0	0	0	0	1
3529.0	0	1	0	1
3531.0	0	1	0	0
3534.0	0	0	0	1
3537.0	0	1	0	0
3544.0	0	0	0	1
3545.0	0	1	0	1
3546.0	0	1	0	0
3547.0	0	1	0	1
3550.0	0	0	0	1
3553.0	0	1	0	0
3555.0	0	1	0	1
3558.0	0	0	0	2
3561.0	0	2	0	0
3567.0	0	0	0	1
3571.0	0	1	0	1
3573.0	0	0	0	1
3574.0	0	2	0	0
3575.0	0	0	0	1
3576.0	0	1	0	0
3578.0	0	0	0	1
3581.0	0	1	0	0
3587.0	0	0	0	1
3588.0	0	1	0	0
3591.0	0	0	0	1
3596.0	0	1	0	0
3613.0	0	0	0	1
3615.0	0	1	0	0
3616.0	0	0	0	1
3617.0	0	1	0	0
3619.0	0	1	0	1
3621.0	0	1	0	1
3624.0	0	0	0	1
3626.0	0	1	0	0
3629.0	0	0	0	1
3631.0	0	0	0	1
3632.0	0	0	0	1
3634.0	0	2	0	0
3635.0	0	1	0	0
3645.0	0	0	0	1
3646.0	0	1	0	1
3647.0	0	1	0	0
3650.0	0	0	0	1
3652.0	0	1	0	0
3658.0	0	0	0	1
3659.0	0	0	0	1
3660.0	0	1	0	0
3662.0	0	1	0	0
3665.0	0	0	0	1
3666.0	0	1	0	0
3677.0	0	0	0	2
3679.0	0	2	0	0
3687.0	0	0	0	1
3691.0	0	1	0	1
3692.0	0	1	0	0
3695.0	0	1	0	1
3698.0	0	0	0	1
3700.0	0	0	0	1
3701.0	0	1	0	0
3702.0	0	0	0	2
3703.0	0	1	0	0
3705.0	0	1	0	0
3706.0	0	1	0	0
3712.0	0	0	0	1
3715.0	0	1	0	0
3732.0	0	0	0	1
3736.0	0	1	0	1
3741.0	0	1	0	0
3742.0	0	0	0	1
3744.0	0	1	0	1
3745.0	0	1	0	0
3746.0	0	0	0	1
3749.0	0	1	0	0
3758.0	0	0	0	1
3765.0	0	1	0	0
3767.0	0	0	0	1
3770.0	0	1	0	0
3774.0	0	0	0	1
3779.0	0	1	0	0
3791.0	0	0	0	1
3792.0	0	1	0	0
3795.0	0	0	0	1
3796.0	0	0	0	1
3797.0	0	1	0	0
3799.0	0	1	0	0
3806.0	0	0	0	1
3810.0	0	1	0	0
3826.0	0	0	0	1
3827.0	0	0	0	1
3829.0	0	2	0	2
3830.0	0	1	0	1
3833.0	0	0	0	1
3835.0	0	2	0	0
3836.0	0	1	0	1
3838.0	0	1	0	0
3842.0	0	0	0	1
3845.0	0	1	0	0
3847.0	0	0	0	1
3850.0	0	1	0	0
3852.0	0	0	0	1
3860.0	0	0	0	1
3862.0	0	1	0	0
3864.0	0	1	0	0
3871.0	0	0	0	1
3874.0	0	1	0	0
3875.0	0	0	0	1
3877.0	0	1	0	0
3882.0	0	0	0	1
3885.0	0	1	0	0
3887.0	0	0	0	1
3890.0	0	2	0	1
3892.0	0	0	0	1
3893.0	0	0	0	1
3894.0	0	1	0	0
3895.0	0	1	0	2
3896.0	0	1	0	0
3898.0	0	1	0	0
3899.0	0	0	0	1
3901.0	0	1	0	0
3924.0	0	1	0	1
3939.0	0	0	0	1
3941.0	0	1	0	0
3947.0	0	0	0	1
3949.0	0	1	0	1
3951.0	0	1	0	0
3965.0	0	0	0	1
3968.0	0	0	0	1
3970.0	0	1	0	0
3972.0	0	1	0	0
3984.0	0	0	0	1
3985.0	0	1	0	1
3986.0	0	0	0	1
3988.0	0	1	0	0
3989.0	0	1	0	0
3997.0	0	0	0	1
3999.0	0	1	0	0
4000.0	0	0	0	1
4001.0	0	1	0	0
4002.0	0	0	0	1
4004.0	0	1	0	0
4009.0	0	0	0	2
4013.0	0	1	0	0
4016.0	0	1	0	0
4029.0	0	0	0	1
4031.0	0	1	0	0
4038.0	0	0	0	1
4041.0	0	1	0	0
4046.0	0	0	0	1
4048.0	0	0	0	1
4049.0	0	2	0	0
4064.0	0	0	0	1
4065.0	0	1	0	0
4071.0	0	0	0	1
4073.0	0	1	0	0
4076.0	0	0	0	1
4078.0	0	1	0	0
4082.0	0	0	0	1
4085.0	0	1	0	0
4087.0	0	0	0	1
4089.0	0	1	0	0
4095.0	0	0	0	1
4097.0	0	1	0	0
4100.0	0	0	0	1
4102.0	0	0	0	1
4105.0	0	2	0	0
4106.0	0	0	0	1
4107.0	0	0	0	1
4108.0	0	2	0	0
4110.0	0	1	0	1
4120.0	0	0	0	1
4125.0	0	1	0	0
4160.0	0	0	0	1
4161.0	0	1	0	0
4190.0	0	0	0	1
4192.0	0	0	0	1
4194.0	0	1	0	1
4195.0	0	1	0	0
4202.0	0	1	0	0
4203.0	0	0	0	1
4204.0	0	0	0	1
4205.0	0	0	0	1
4207.0	0	1	0	0
4208.0	0	1	0	0
4209.0	0	1	0	0
4222.0	0	0	0	1
4224.0	0	0	0	1
4225.0	0	1	0	1
4227.0	0	1	0	0
4228.0	0	1	0	0
4233.0	0	0	0	1
4237.0	0	1	0	0
4240.0	0	0	0	1
4243.0	0	0	0	1
4244.0	0	0	0	1
4245.0	0	1	0	0
4247.0	0	2	0	0
4256.0	0	0	0	1
4259.0	0	1	0	1
4260.0	0	1	0	0
4266.0	0	0	0	1
4268.0	0	1	0	0
4269.0	0	0	0	1
4274.0	0	1	0	0
4275.0	0	0	0	1
4276.0	0	1	0	0
4280.0	0	0	0	1
4281.0	0	1	0	0
4282.0	0	0	0	1
4284.0	0	1	0	0
4297.0	0	0	0	1
4300.0	0	1	0	0
4303.0	0	0	0	1
4306.0	0	1	0	0
4312.0	0	0	0	1
4313.0	0	0	0	1
4314.0	0	1	0	0
4315.0	0	0	0	1
4318.0	0	1	0	0
4319.0	0	1	0	0
4322.0	0	0	0	1
4328.0	0	1	0	0
4329.0	0	0	0	1
4331.0	0	1	0	0
4337.0	0	0	0	1
4342.0	0	1	0	0
4348.0	0	1	0	1
4356.0	0	0	0	1
4359.0	0	1	0	0
4360.0	0	0	0	1
4364.0	0	1	0	0
4379.0	0	0	0	1
4381.0	0	0	0	1
4384.0	0	1	0	0
4387.0	0	1	0	0
4392.0	0	0	0	1
4396.0	0	1	0	0
4401.0	0	0	0	1
4406.0	0	1	0	0
4408.0	0	0	0	1
4410.0	0	1	0	0
4411.0	0	0	0	1
4414.0	0	1	0	0
4415.0	0	0	0	1
4419.0	0	1	0	1
4423.0	0	1	0	0
4445.0	0	0	0	1
4448.0	0	1	0	0
4456.0	0	0	0	1
4458.0	0	1	0	0
4466.0	0	0	0	1
4467.0	0	0	0	2
4471.0	0	1	0	0
4472.0	0	1	0	0
4474.0	0	1	0	0
4477.0	0	0	0	1
4478.0	0	1	0	0
4500.0	0	0	0	1
4501.0	0	1	0	0
4506.0	0	0	0	1
4512.0	0	1	0	0
4518.0	0	0	0	1
4519.0	0	0	0	1
4521.0	0	1	0	0
4522.0	0	1	0	0
4524.0	0	0	0	1
4525.0	0	1	0	0
4537.0	0	0	0	1
4540.0	0	0	0	1
4543.0	0	1	0	0
4544.0	0	1	0	0
4547.0	0	0	0	1
4549.0	0	0	0	1
4551.0	0	1	0	0
4553.0	0	0	0	1
4554.0	0	1	0	0
4559.0	0	1	0	0
4572.0	0	0	0	1
4575.0	0	1	0	0
4583.0	0	0	0	1
4584.0	0	0	0	1
4587.0	0	2	0	0
4601.0	0	0	0	1
4606.0	0	1	0	0
4612.0	0	0	0	1
4617.0	0	1	0	0
4641.0	0	0	0	1
4642.0	0	1	0	0
4644.0	0	0	0	1
4648.0	0	1	0	0
4649.0	0	0	0	1
4650.0	0	0	0	1
4651.0	0	1	0	0
4653.0	0	1	0	0
4662.0	0	0	0	1
4666.0	0	1	0	0
4667.0	0	0	0	1
4670.0	0	1	0	0
4672.0	0	0	0	1
4673.0	0	1	0	0
4682.0	0	0	0	1
4687.0	0	1	0	1
4692.0	0	1	0	0
4701.0	0	0	0	2
4703.0	0	1	0	0
4704.0	0	1	0	0
4731.0	0	0	0	1
4734.0	0	1	0	0
4735.0	0	0	0	1
4737.0	0	1	0	0
4765.0	0	0	0	1
4769.0	0	1	0	0
4770.0	0	0	0	1
4772.0	0	1	0	0
4777.0	0	0	0	1
4778.0	0	0	0	1
4780.0	0	0	0	1
4781.0	0	1	0	0
4782.0	0	1	0	0
4783.0	0	1	0	0
4797.0	0	0	0	1
4798.0	0	0	0	1
4802.0	0	1	0	0
4803.0	0	1	0	0
4825.0	0	0	0	1
4829.0	0	1	0	0
4831.0	0	0	0	1
4834.0	0	1	0	0
4838.0	0	0	0	1
4839.0	0	1	0	0
4844.0	0	0	0	1
4848.0	0	1	0	0
4852.0	0	0	0	1
4856.0	0	1	0	0
4858.0	0	0	0	1
4861.0	0	1	0	1
4865.0	0	1	0	0
4868.0	0	0	0	1
4871.0	0	1	0	0
4883.0	0	0	0	2
4889.0	0	1	0	0
4891.0	0	1	0	0
4912.0	0	0	0	1
4916.0	0	1	0	0
4917.0	0	1	0	1
4958.0	0	0	0	1
4964.0	0	1	0	0
4990.0	0	0	0	1
4991.0	0	1	0	0
5014.0	0	0	0	1
5018.0	0	1	0	0
5030.0	0	0	0	1
5035.0	0	1	0	0
5044.0	0	0	0	1
5051.0	0	1	0	0
5068.0	0	0	0	1
5071.0	0	1	0	0
5075.0	0	0	0	1
5080.0	0	1	0	0
5140.0	0	0	0	1
5143.0	0	1	0	0
5152.0	0	0	0	1
5157.0	0	1	0	0
5169.0	0	0	0	1
5172.0	0	1	0	0
5191.0	0	0	0	1
5195.0	0	1	0	0
5211.0	0	0	0	1
5215.0	0	1	0	0
5221.0	0	0	0	1
5225.0	0	1	0	0
5252.0	0	0	0	1
5257.0	0	1	0	0
5306.0	0	0	0	1
5311.0	0	1	0	0
5352.0	0	0	0	1
5361.0	0	1	0	0
5387.0	0	0	0	1
5394.0	0	1	0	0
5412.0	0	0	0	1
5420.0	0	1	0	0
5425.0	0	0	0	1
5426.0	0	0	0	1
5427.0	0	1	0	0
5431.0	0	1	0	0
5449.0	0	0	0	1
5453.0	0	1	0	0
5454.0	0	0	0	2
5457.0	0	0	0	1
5458.0	0	1	0	0
5460.0	0	1	0	0
5464.0	0	1	0	0
5482.0	0	0	0	1
5483.0	0	0	0	1
5485.0	0	1	0	0
5486.0	0	1	0	0
5510.0	0	0	0	1
5513.0	0	1	0	0
5516.0	0	0	0	1
5519.0	0	0	0	1
5520.0	0	1	0	0
5525.0	0	1	0	1
5529.0	0	1	0	0
5540.0	0	0	0	1
5543.0	0	1	0	0
5545.0	0	0	0	1
5551.0	0	1	0	0
5595.0	0	0	0	1
5601.0	0	1	0	0
5603.0	0	0	0	1
5606.0	0	1	0	0
5617.0	0	0	0	1
5622.0	0	1	0	0
5643.0	0	0	0	1
5649.0	0	1	0	0
5657.0	0	0	0	1
5661.0	0	1	0	0
5664.0	0	0	0	1
5669.0	0	1	0	0
5710.0	0	0	0	1
5711.0	0	0	0	1
5714.0	0	1	0	0
5717.0	0	1	0	0
5741.0	0	0	0	1
5749.0	0	1	0	0
5752.0	0	0	0	2
5755.0	0	0	0	1
5756.0	0	1	0	0
5758.0	0	1	0	0
5761.0	0	1	0	0
5800.0	0	0	0	1
5813.0	0	1	0	0
5814.0	0	0	0	1
5819.0	0	1	0	0
5827.0	0	0	0	1
5833.0	0	0	0	1
5836.0	0	1	0	0
5843.0	0	1	0	0
5861.0	0	0	0	2
5862.0	0	0	0	1
5865.0	0	2	0	1
5867.0	0	0	0	1
5869.0	0	1	0	0
5870.0	0	0	0	1
5874.0	0	2	0	0
5875.0	0	1	0	0
5881.0	0	0	0	1
5884.0	0	0	0	1
5886.0	0	1	0	0
5888.0	0	1	0	0
5920.0	0	0	0	1
5933.0	0	1	0	0
5941.0	0	0	0	1
5943.0	0	0	0	1
5948.0	0	2	0	0
5963.0	0	0	0	1
5966.0	0	1	0	2
5970.0	0	2	0	0
5998.0	0	0	0	1
6002.0	0	0	0	1
6007.0	0	1	0	0
6011.0	0	1	0	0
6019.0	0	0	0	1
6021.0	0	1	0	0
6043.0	0	0	0	1
6052.0	0	1	0	0
6058.0	0	0	0	1
6063.0	0	1	0	0
6067.0	0	0	0	2
6070.0	0	1	0	0
6071.0	0	1	0	0
6126.0	0	0	0	1
6131.0	0	1	0	0
6151.0	0	0	0	1
6161.0	0	0	0	1
6164.0	0	1	0	0
6166.0	0	0	0	1
6168.0	0	1	0	0
6170.0	0	0	0	1
6171.0	0	1	0	0
6175.0	0	1	0	0
6185.0	0	0	0	1
6193.0	0	1	0	0
6203.0	0	0	0	1
6207.0	0	1	0	0
6222.0	0	0	0	1
6229.0	0	1	0	0
6250.0	0	0	0	1
6255.0	0	0	0	1
6256.0	0	1	0	0
6266.0	0	1	0	0
6277.0	0	0	0	1
6279.0	0	0	0	1
6281.0	0	1	0	0
6288.0	0	0	0	1
6289.0	0	1	0	0
6293.0	0	1	0	0
6296.0	0	0	0	1
6300.0	0	0	0	1
6306.0	0	1	0	0
6309.0	0	1	0	0
6317.0	0	0	0	1
6320.0	0	1	0	0
6330.0	0	0	0	1
6341.0	0	1	0	0
6358.0	0	0	0	1
6362.0	0	1	0	0
6410.0	0	0	0	1
6411.0	0	0	0	1
6416.0	0	1	0	0
6419.0	0	1	0	0
6424.0	0	0	0	1
6432.0	0	1	0	0
6435.0	0	0	0	1
6436.0	0	0	0	1
6438.0	0	1	0	0
6440.0	0	1	0	0
6477.0	0	0	0	1
6482.0	0	0	0	1
6486.0	0	1	0	0
6497.0	0	0	0	1
6499.0	0	1	0	0
6503.0	0	1	0	0
6504.0	0	0	0	1
6508.0	0	1	0	0
6517.0	0	0	0	1
6526.0	0	1	0	0
6622.0	0	0	0	1
6626.0	0	1	0	0
6644.0	0	0	0	1
6652.0	0	1	0	0
6660.0	0	0	0	1
6665.0	0	0	0	1
6671.0	0	1	0	0
6674.0	0	1	0	0
6683.0	0	0	0	1
6696.0	0	1	0	0
6719.0	0	0	0	1
6728.0	0	1	0	1
6739.0	0	1	0	0
6758.0	0	0	0	1
6771.0	0	1	0	0
6786.0	0	0	0	1
6793.0	0	0	0	1
6795.0	0	1	0	0
6800.0	0	1	0	0
6857.0	0	0	0	1
6870.0	0	1	0	0
6883.0	0	0	0	1
6894.0	0	1	0	0
6907.0	0	0	0	1
6919.0	0	1	0	0
6932.0	0	0	0	1
6936.0	0	1	0	0
6975.0	0	0	0	1
6986.0	0	1	0	0
6998.0	0	0	0	1
7006.0	0	1	0	0
7136.0	0	0	0	1
7138.0	0	0	0	1
7145.0	0	1	0	0
7147.0	0	1	0	0
7159.0	0	0	0	1
7165.0	0	0	0	1
7173.0	0	1	0	0
7175.0	0	1	0	0
7222.0	0	0	0	1
7223.0	0	0	0	1
7232.0	0	1	0	0
7234.0	0	1	0	0
7236.0	0	0	0	1
7247.0	0	1	0	0
7256.0	0	0	0	1
7262.0	0	1	0	1
7270.0	0	1	0	0
7285.0	0	0	0	1
7286.0	0	0	0	1
7293.0	0	0	0	1
7297.0	0	2	0	0
7304.0	0	1	0	0
7328.0	0	0	0	1
7337.0	0	1	0	0
7340.0	0	0	0	1
7349.0	0	1	0	0
7404.0	0	0	0	2
7413.0	0	1	0	1
7415.0	0	1	0	0
7418.0	0	0	0	1
7421.0	0	1	0	0
7429.0	0	1	0	0
7436.0	0	0	0	1
7450.0	0	1	0	0
7479.0	0	0	0	1
7480.0	0	0	0	1
7488.0	0	1	0	0
7491.0	0	1	0	0
7529.0	0	0	0	1
7530.0	0	0	0	1
7536.0	0	0	0	1
7539.0	0	2	0	1
7546.0	0	1	0	0
7551.0	0	1	0	0
7555.0	0	0	0	1
7564.0	0	1	0	0
7572.0	0	0	0	1
7576.0	0	1	0	0
7580.0	0	0	0	1
7591.0	0	1	0	0
7619.0	0	0	0	1
7630.0	0	1	0	0
7663.0	0	0	0	1
7670.0	0	1	0	0
7673.0	0	0	0	1
7687.0	0	1	0	0
7696.0	0	0	0	1
7707.0	0	1	0	0
7732.0	0	0	0	1
7746.0	0	1	0	0
7766.0	0	0	0	1
7770.0	0	0	0	1
7778.0	0	1	0	0
7780.0	0	1	0	0
7781.0	0	0	0	1
7783.0	0	0	0	1
7790.0	0	1	0	0
7794.0	0	1	0	0
7878.0	0	0	0	1
7887.0	0	1	0	0
7970.0	0	0	0	1
7987.0	0	1	0	0
7994.0	0	0	0	1
8003.0	0	1	0	0
8009.0	0	0	0	1
8022.0	0	1	0	0
8042.0	0	0	0	1
8053.0	0	1	0	0
8090.0	0	0	0	1
8102.0	0	0	0	1
8104.0	0	1	0	0
8115.0	0	1	0	0
8138.0	0	0	0	1
8151.0	0	1	0	0
8166.0	0	0	0	1
8176.0	0	1	0	0
8230.0	0	0	0	1
8231.0	0	0	0	2
8240.0	0	1	0	0
8241.0	0	1	0	0
8246.0	0	1	0	0
8265.0	0	0	0	1
8277.0	0	1	0	0
8311.0	0	0	0	1
8316.0	0	1	0	0
8418.0	0	0	0	1
8430.0	0	1	0	0
8431.0	0	0	0	1
8443.0	0	1	0	0
8478.0	0	0	0	1
8486.0	0	1	0	0
8498.0	0	0	0	1
8514.0	0	1	0	0
8522.0	0	0	0	1
8538.0	0	1	0	0
8545.0	0	0	0	1
8552.0	0	1	0	0
8558.0	0	0	0	1
8563.0	0	0	0	1
8570.0	0	0	0	1
8571.0	0	1	0	0
8574.0	0	1	0	0
8583.0	0	1	0	0
8609.0	0	0	0	1
8623.0	0	1	0	0
8673.0	0	0	0	1
8686.0	0	1	0	0
8694.0	0	0	0	1
8698.0	0	1	0	0
8704.0	0	0	0	1
8721.0	0	1	0	0
8776.0	0	0	0	1
8788.0	0	1	0	0
8910.0	0	0	0	1
8916.0	0	0	0	1
8923.0	0	1	0	0
8927.0	0	1	0	0
9310.0	0	0	0	1
9322.0	0	1	0	0
9343.0	0	0	0	1
9354.0	0	0	0	1
9358.0	0	1	0	0
9359.0	0	0	0	1
9372.0	0	1	0	0
9375.0	0	1	0	0
9520.0	0	0	0	1
9534.0	0	1	0	0
9548.0	0	0	0	1
9563.0	0	1	0	0
9606.0	0	0	0	1
9622.0	0	1	0	0
9629.0	0	0	0	1
9649.0	0	0	0	1
9650.0	0	1	0	0
9664.0	0	1	0	0
9667.0	0	0	0	1
9684.0	0	0	0	1
9686.0	0	1	0	0
9699.0	0	0	0	1
9702.0	0	1	0	0
9708.0	0	1	0	0
9874.0	0	0	0	1
9886.0	0	1	0	0
9903.0	0	0	0	1
9908.0	0	1	0	0
9941.0	0	0	0	1
9947.0	0	0	0	1
9956.0	0	1	0	0
9966.0	0	1	0	0
9972.0	0	0	0	1
9992.0	0	1	0	0
10102.0	0	0	0	1
10120.0	0	1	0	0
10138.0	0	0	0	1
10150.0	0	1	0	0
10226.0	0	0	0	1
10237.0	0	0	0	1
10246.0	0	1	0	0
10251.0	0	1	0	0
10374.0	0	0	0	1
10389.0	0	1	0	0
10522.0	0	0	0	1
10544.0	0	1	0	0
10559.0	0	0	0	1
10572.0	0	1	0	0
10594.0	0	0	0	1
10616.0	0	1	0	0
10724.0	0	0	0	1
10741.0	0	1	0	0
10773.0	0	0	0	1
10793.0	0	1	0	0
11235.0	0	0	0	1
11253.0	0	0	0	1
11259.0	0	1	0	0
11267.0	0	0	0	2
11275.0	0	1	0	0
11289.0	0	1	0	0
11295.0	0	1	0	0
11296.0	0	0	0	1
11317.0	0	1	0	0
11424.0	0	0	0	1
11448.0	0	1	0	0
11454.0	0	0	0	1
11462.0	0	0	0	1
11474.0	0	1	0	0
11484.0	0	1	0	0
11491.0	0	0	0	1
11513.0	0	1	0	0
11526.0	0	0	0	1
11552.0	0	1	0	0
11704.0	0	0	0	1
11729.0	0	1	0	0
11731.0	0	0	0	1
11750.0	0	1	0	0
11825.0	0	0	0	1
11847.0	0	1	0	0
11928.0	0	0	0	1
11934.0	0	0	0	1
11952.0	0	0	0	1
11955.0	0	2	0	0
11967.0	0	1	0	0
11968.0	0	0	0	1
11977.0	0	0	0	1
11991.0	0	1	0	0
11999.0	0	1	0	0
12150.0	0	0	0	1
12172.0	0	1	0	0
12825.0	0	0	0	1
12852.0	0	1	0	0
12922.0	0	0	0	1
12954.0	0	1	0	0
13130.0	0	0	0	1
13165.0	0	1	0	0
13277.0	0	0	0	1
13299.0	0	1	0	0
13488.0	0	0	0	1
13520.0	0	1	0	0
13594.0	0	0	0	1
13627.0	0	1	0	0
13628.0	0	0	0	1
13656.0	0	1	0	0
13684.0	0	0	0	1
13719.0	0	1	0	0
14411.0	0	0	0	1
14451.0	0	1	0	0
14643.0	0	0	0	1
14683.0	0	1	0	0
14893.0	0	0	0	1
14927.0	0	1	0	0
14962.0	0	0	0	1
14970.0	0	0	0	1
14996.0	0	1	0	0
15000.0	0	1	0	0
15138.0	0	0	0	1
15180.0	0	1	0	0
15464.0	0	0	0	1
15494.0	0	1	0	0
15663.0	0	0	0	1
15713.0	0	1	0	0
16242.0	0	0	0	1
16295.0	0	1	0	0
16406.0	0	0	0	1
16445.0	0	1	0	0
16814.0	0	0	0	1
16816.0	0	0	0	1
16851.0	0	0	0	1
16860.0	0	1	0	0
16865.0	0	1	0	0
16896.0	0	0	0	1
16898.0	0	1	0	0
16948.0	0	1	0	0
17065.0	0	0	0	1
17107.0	0	1	0	0
17171.0	0	0	0	1
17234.0	0	1	0	0
17429.0	0	0	0	1
17459.0	0	0	0	1
17492.0	0	1	0	0
17523.0	0	1	0	0
17907.0	0	0	0	1
17964.0	0	1	0	0
18307.0	0	0	0	1
18366.0	0	1	0	0
18462.0	0	0	0	1
18471.0	0	0	0	1
18519.0	0	1	0	0
18540.0	0	1	0	0
18994.0	0	0	0	1
19060.0	0	1	0	0
19085.0	0	0	0	1
19154.0	0	1	0	0
19284.0	0	0	0	1
19352.0	0	1	0	0
19680.0	0	0	0	1
19743.0	0	1	0	0
19932.0	0	0	0	1
20004.0	0	1	0	0
20457.0	0	0	0	1
20546.0	0	1	0	0
20705.0	0	0	0	1
20777.0	0	1	0	0
20961.0	0	0	0	1
21035.0	0	1	0	0
21333.0	0	0	0	1
21413.0	0	1	0	0
22370.0	0	0	0	1
22458.0	0	1	0	0
22505.0	0	0	0	1
22585.0	0	1	0	0
22886.0	0	0	0	1
22976.0	0	1	0	0
23353.0	0	0	0	1
23447.0	0	1	0	0
23610.0	0	0	0	1
23708.0	0	1	0	0
24048.0	0	0	0	1
24155.0	0	1	0	0
25507.0	0	0	0	1
25615.0	0	1	0	0
26642.0	0	0	0	1
26755.0	0	1	0	0
28089.0	0	0	0	1
28243.0	0	1	0	0
28863.0	0	0	0	1
29024.0	0	1	0	0
30103.0	0	0	0	1
30236.0	0	0	0	1
30247.0	0	1	0	0
30372.0	0	1	0	0
30791.0	0	0	0	1
30928.0	0	1	0	0
45177.0	0	0	0	1
45541.0	0	1	0	0
48775.0	0	0	0	1
49153.0	0	1	0	0
60799.0	0	0	0	1
61455.0	0	1	0	0

